MutationType	SBS96A	SBS96B	SBS96C	SBS96D	SBS96E	SBS96F	SBS96G	SBS96H	SBS96I	SBS96J	SBS96K
A[C>A]A	0.010697442090749973	0.008181999925582203	0.007275865683542406	0.01743196209025882	0.025078172330977394	0.011887973745238013	0.0038940468771033925	0.0401024057622999	0.004914515123449519	0.007394721326986656	0.02338404274310051
A[C>A]C	0.029652237327240413	0.0363298774312716	0.011076265952879362	0.013105281178689268	0.00828194325054028	0.016262509705343292	0.012666802802668827	0.016094986190437338	0.0012852645989900634	0.0027725851114779234	0.013102661715540762
A[C>A]G	0.0008488658234054469	0.0027139128639441876	0.0004852800793815959	0.01636315295705174	0.0024257658349171153	0.0019212193531249965	0.0010205401433050554	0.0072702969322679676	0.003404734585125304	0.014836729453866155	0.002078747157477494
A[C>A]T	0.019671943015418948	0.010119384011806147	0.0027904582968039902	0.010538477658128613	0.02122455690638162	0.005202146105912107	0.0021411841940516753	0.021162363367620854	0.0021150735057186053	0.0044724808857461084	0.009798380422793419
A[C>G]A	0.0020585983166495226	0.011511192516966275	0.006027472903894591	0.006280820333557813	0.04358177443966269	0.006538385475577116	0.0064711452766589165	0.015201321533531882	0.0017381081034625366	0.006656700975692047	0.01651658170897804
A[C>G]C	0.0013945331627917312	0.005215773307296842	0.0049306077110185245	0.00424896430574222	0.01701439227886908	0.005998701620821052	0.00856546961735205	0.007614565383264562	0.001813435390568685	0.005558793520058387	0.0019690825528142853
A[C>G]G	0.0006481693728940741	0.001351954642896054	1.6151246581301847e-05	0.04952966758735016	0.00013321977471911328	0.00014432301378334956	1.1253877416264047e-05	0.01331929650131471	5.225827341336142e-05	0.031263311998256424	0.0002811360850471279
A[C>G]T	0.004905469769323645	0.006251695466389151	0.006112721955985876	0.018686016614797723	0.054536870626616295	0.005686359485889057	0.016048725757264605	0.0077175724282170675	0.002492366246337383	0.005610008930315189	0.002652986161607593
A[C>T]A	0.00473358697661542	0.012366032818497387	0.03415368589709147	0.0276355804569539	0.04041345960344188	0.06174022385501303	0.018059488476601472	0.03317450744099915	0.0380335057748016	0.010031959032057785	0.04449538775330666
A[C>T]C	0.006623233945138054	0.005069067106414877	0.027938822264318333	0.01715012638560836	0.006928106122686825	0.0359743954159444	0.01965741362204426	0.0015101909245186108	0.01605849421027571	0.005584489823040713	0.013395278640230294
A[C>T]G	0.007828608484073811	0.002398298559273826	0.0041190696695139195	0.045912771361254275	0.0049729941684927325	0.009384394532590932	0.0018316436537497793	0.03268593478540424	0.11465412960387766	0.0291865838386002	0.0051711053694060635
A[C>T]T	0.005513115773355821	0.006214782077231576	0.03542504465440288	0.01948638777801534	0.014242400448019908	0.03478404064666847	0.024913096515369944	0.00683118456217926	0.02482417321531102	0.013744797115796245	0.010669005469628462
A[T>A]A	0.0038668691755151707	0.010516995430292298	0.009238385069726008	0.010783016448947365	0.008703889724941974	0.011507847836185761	0.0038322467329055597	0.003645714290905744	0.0017725256846314607	0.0014964452522247028	0.007258516495198872
A[T>A]C	0.005868502705026799	0.009141332221774974	0.004362678581843316	0.00567302115798114	0.003671667119181805	0.005450771362565661	0.006240020697005093	0.0020266385553564703	0.0018763081630933697	0.007021391237021817	0.0020389702815297285
A[T>A]G	0.0024589672761794646	0.008509116491295573	0.0033777186132994074	0.006748148509100247	0.007362192129338325	0.006143038420130316	0.005666850499429756	0.0021480862648058973	0.008728001900402944	0.0019368965498995294	0.0024401451579976552
A[T>A]T	0.007632899281161371	0.006788431252170994	0.004760736544467079	0.010250604893140008	0.007957216425347724	0.01564585019972718	0.008844079740297266	0.006593722971883835	0.002531905058853994	0.010612720963254106	0.0242558517454745
A[T>C]A	0.002157487741087607	0.014813825038727373	0.030735520888119938	0.014371307904851846	0.011332965733745369	0.04323686432442628	0.03887862307368778	0.003332192691709679	0.0251827279475809	0.020471479265252127	0.05699958775836819
A[T>C]C	0.0019028093295213467	0.009704600394720729	0.014798703660899264	0.0058721214122540765	0.00848365337327337	0.010210883317698318	0.02292288134107366	0.0033148958492893142	0.005401771907981754	0.0027241944249536943	0.005859949447089683
A[T>C]G	0.0021002951529999338	0.007455702706502052	0.023118458775397813	0.016649591085908355	0.005779098956410842	0.024920318104113902	0.029252424552687444	0.0008858011692063883	0.009746975578720481	0.009973426516371547	0.014020530018031323
A[T>C]T	0.0024635474139358847	0.01291801114224512	0.05736334706100308	0.008395735198927242	0.012848590066821543	0.028981786675850857	0.04904644926820765	0.0020414366021668682	0.03759209477265017	0.016163973378716036	0.008509908643142996
A[T>G]A	0.0019766201263701076	0.0023627492184141374	0.004794230064245344	0.00622601956905493	0.0071787053681327965	0.0035149691530078544	0.00833325832012541	0.0011897854020250856	0.0029769895451605775	0.010738824045401997	0.01809587361535968
A[T>G]C	0.0025077839439472884	0.001804294871193406	0.0033168414008512047	0.0027409757662726973	0.002157533710469579	0.0027883563049608284	0.001637948983862696	2.1289955766405912e-05	0.0009940449213571333	0.0038279547824987504	0.00693287121837777
A[T>G]G	0.001502199095702963	0.0065769930150733555	0.0032101528542528967	0.004526117532328442	0.0017178242616049033	0.00750969458286022	0.002323349625568767	0.001120142080585822	0.002902894482683962	0.0030912456419543294	0.04838227057354178
A[T>G]T	0.001953849594719941	0.004465992042532889	0.007625844241486277	0.007652477945787553	0.013657193589212966	0.01008602314473519	0.021413737095235773	0.0001394802076816859	0.00169700311030752	0.019106962530640884	0.010232195745254878
C[C>A]A	0.014401276787975804	0.015537998633226555	0.0030297111522249055	0.016451061466370903	0.0034977625914598322	0.005204724009470283	0.008644640741040347	0.05459175462834537	0.00788478809381985	0.008276029996682154	0.004890769361762786
C[C>A]C	0.012070687596205972	0.01591409576444562	0.008531457179339412	0.011081631619775757	0.0037310501904721603	0.008762285623615753	0.007049902522395541	0.014046318221953697	0.001516188147002371	0.011188060242504889	0.004501485095689048
C[C>A]G	0.002445905269034796	0.0023130950894134994	0.0014049518738324367	0.014198069879907606	0.001491508345756074	0.0026862720708921016	0.0011045930346934086	0.005748233858772664	0.005018989558785734	0.010170732873069141	0.0007282474375602988
C[C>A]T	0.028676292938031908	0.042130012009339454	0.0007553750868399333	0.006637628525079435	0.008391928117420537	0.0013957131340710306	0.0004069889381524305	0.02494707361795008	0.00012635314509765294	0.008708199948353083	0.001243527347422031
C[C>G]A	0.0026356210784041424	0.0027313675775860703	0.001949522573845428	0.006606066396259393	0.02052993270801039	0.002828949290778472	0.0071939910309674815	0.0040869996386726426	0.0009300342836118603	0.006750799837355714	0.009502171189490554
C[C>G]C	0.004509791794698685	0.003551989909524309	0.003709726591404774	0.0071722740573204645	0.005366467834974174	0.001200584516725769	0.004738231490674707	0.005331102154477776	0.001223295688489543	0.008597060720136227	0.0028159192761201624
C[C>G]G	0.0017130675315381438	0.00051757455800582	0.0002938840592906189	0.010931866420579804	0.003077373680513773	0.0008744391219606839	0.0009430423788201736	0.001824192327518368	0.00015353491546673758	0.004699549591143786	0.0003273468581741312
C[C>G]T	0.011089875102043152	0.009147830710883226	0.004703421295221233	0.009379789443736115	0.018152420712867753	0.009778203575487652	0.008574666036859071	0.0032318105047306742	0.0006874860684831851	0.009091011443233583	0.005188730046086931
C[C>T]A	0.04249130298383534	0.0048318379776551975	0.030467834125392983	0.012843298917825905	0.027956942858800175	0.024339764261476375	0.018605597193181892	0.010567777980322718	0.028205714060459287	0.015112825124870142	0.0027919992813761852
C[C>T]C	0.1796539728716016	0.037048361345900956	0.023121356690654692	0.004292359613407939	0.005435311047521054	0.01724595070389853	0.00864321114033146	0.0022355652636167635	0.006366794066667723	0.004591618196831178	0.005323958838094853
C[C>T]G	0.007112306640983661	0.0034201028418806346	0.01256632883962112	0.02680988966695537	0.004932505615433911	0.01664997095559812	0.004644104872360985	0.026480255886556277	0.11740692522376776	0.009317006358108984	0.007194618389355014
C[C>T]T	0.16360014889389277	0.014365229575096236	0.03010024004877323	0.01621115207498682	0.0026936119825433026	0.03117330957335639	0.01656782582299286	0.004833102185803006	0.022288981001045725	0.009635136228679952	0.01627209321690472
C[T>A]A	0.01921305630526035	0.015112540240291707	0.0016087851589149692	0.0026027587836084977	0.006393877518441897	0.0015912950658719715	0.004287648918979699	0.0009635638393336876	1.1645266785613728e-05	0.0017633912323432987	0.0006856241587963652
C[T>A]C	0.019564186170780432	0.026975583450403063	0.0018797547650345337	0.005672159254691281	0.0013414995650688866	0.0018503794639542549	0.0021875117824056646	0.0005573559046217724	0.0024852679501500318	0.009133716241304341	0.0021140968772332515
C[T>A]G	0.022991150056039942	0.026576275758895918	0.0017765761230839417	0.00555823507176143	0.002742273428974551	0.0016050390913348166	0.0013454168286946811	0.006819797027710592	0.002690349802121901	0.0032792623205417067	0.002452979309737966
C[T>A]T	0.03442137278425492	0.04120678680208243	0.0008536882648861877	0.006546077215797652	0.007390891764294309	0.0007502839217197987	0.0007269771862393526	0.0008706267313777971	8.092857556093236e-05	0.020955832445184796	0.0013865892751371283
C[T>C]A	0.004412459417435457	0.00853186085943662	0.011118508733767114	0.01119715945027459	0.0038582820095322745	0.010249174394196245	0.01767486469773189	0.001978289329976519	0.0022257586018697493	0.005087878775347008	0.01392814860198321
C[T>C]C	0.008825909059378318	0.012110323967935982	0.010424372807297005	0.003410543887259223	0.007758428355021465	0.008064776202081845	0.008072035549010934	0.007182015472390049	0.0007724009153608871	0.018318951682419992	0.0016103068650944507
C[T>C]G	0.003080560423386487	0.015533875832188642	0.01855789720192206	0.0069206017615726974	0.005345681965861786	0.011394157797075763	0.017821094223327238	0.003971464376322728	0.010596484238737105	0.012605651377816685	0.007749236855504549
C[T>C]T	0.0031215591285945264	0.019739269487326964	0.015778889506290757	0.007844961534753097	0.009712026791563631	0.02044444646952343	0.013563838171594398	0.004389486994186186	0.01071761725412216	0.0656473880354315	0.027115172075573356
C[T>G]A	0.00220947480887844	0.004113618369411682	0.002547945116127437	0.0019740722998940895	0.0026942873168354	0.00363194885662125	0.0014372075547355579	0.0006296272254840573	0.0007410612834867436	0.005399611017015218	0.007309728512027718
C[T>G]C	0.0006425513880873268	0.0031250244508007085	0.0015474929373822022	0.0022825068158348217	0.007132408303260434	0.0007354830918883337	0.0008332188668962815	0.0	0.0021240085943816213	0.007591090757543384	0.0014658008123924304
C[T>G]G	0.002304634759949522	0.009297992512775579	0.0015662226690998438	0.005609680658164678	0.0036558386160805865	0.0012943178725679872	0.004157211220354036	0.006816038636825397	3.405467134314222e-05	0.007898265356721432	0.005203680544396008
C[T>G]T	0.0020794115768993037	0.004137878851265597	0.0032417670745795136	0.010018621094711194	0.002171310858578579	0.001158741586395422	0.003692744663608352	0.00168084613648249	2.837351927279741e-05	0.13203753832727672	0.0005635427492457268
G[C>A]A	0.011729195430775689	0.026528523957713334	0.008183225763371525	0.011346927876754762	0.0013923243492500604	0.01103296844355782	0.006084063733069343	0.10373895443975925	0.0033768605734869083	0.006004245935468493	0.0025760443748251306
G[C>A]C	0.03159635215066373	0.03887215494876727	0.005875198582629935	0.006294294922151096	0.0036798114148518836	0.007560970787060342	0.00893508045734265	0.006595161048610407	0.009149403633197722	0.0015311705579624402	0.0012955980526047739
G[C>A]G	0.0011249190369744888	0.000771680930945422	0.0022669257150926114	0.005903752832441284	0.0039911748722582276	0.003179265782760865	0.0012612239967252491	0.006852754569003423	0.0013899610205243107	0.0045031793646583655	0.005314975188361117
G[C>A]T	0.005384612172469814	0.01027509987318581	0.0033053713980213217	0.006484849702956695	0.011305137639283203	0.0023923784488920317	0.0033717906321522584	0.05950156649574637	4.5161143070728824e-05	0.0020133771328636387	0.005334033927918824
G[C>G]A	0.00121120845529191	0.006787219236397668	0.0011811927814782308	0.008116804947674843	0.01921679234805197	0.0020415451021182206	0.0022262832283772836	0.0014695367108100044	1.4690595921962313e-08	0.0036625930521539374	0.0009097839868369206
G[C>G]C	0.00943888451629391	0.028290301759097927	0.0033627921932458094	0.002615785337108747	0.009360869252438278	0.0019436401058770514	0.002369465926950056	0.00340163017710438	7.37719954888405e-05	0.0009489511192760602	0.003524406210476059
G[C>G]G	0.00034574071462799337	0.0006935240778045682	0.0004957517861116886	0.007750664989225413	0.0002252074732867637	0.000647891687722506	0.0013515208128107759	0.001275579313951951	0.0006221077179011747	0.003295477940631386	0.0006060705230235985
G[C>G]T	0.008474131312391648	0.011544092506325612	0.0021574612250427117	0.009845453544414368	0.018864793671673395	0.003735539099741345	0.00881517312262531	0.0020226272424841343	0.0	0.013570519272543607	0.00390374645869223
G[C>T]A	0.012246376725379378	0.01862729786641921	0.029315794790163635	0.016716749490786924	0.029567157541168853	0.022432251603863734	0.028063654937723184	0.00256359979772526	0.01841698825057847	0.0031821809839448177	0.002978756462709632
G[C>T]C	0.006185568054404484	0.018967022899323636	0.03774756610368058	0.009423770666005566	0.015586175298376475	0.018924594966312044	0.037483843794325365	0.01536923145817127	0.019004988626693375	0.0033916504526625957	0.0058139256504131254
G[C>T]G	0.0019586814890794812	0.005925074724443675	0.011781622641336042	0.017135644097094768	0.0006152943305505687	0.006507233891605324	0.0038191184101265207	0.01525707629441058	0.10754653547890484	0.013796396926968412	0.010379521219872671
G[C>T]T	0.006369274578974	0.014813365348963999	0.029298312444459212	0.02086682507651858	0.01623731529085319	0.020833130316168534	0.04311716315336525	0.0038063140037779735	0.027151680235983803	0.005157217103127737	0.008166393341644573
G[T>A]A	0.0015354460096802924	0.004712199950367335	0.0004138157208587501	0.004469492159493029	0.007964101376952115	0.0027918187207427534	0.0023327175089294626	0.0035988672216399208	0.005855536208054453	0.00149969872776623	0.0054159989450261745
G[T>A]C	0.0035059201197327637	0.008298082166290683	0.0009353351748483618	0.004308905177203375	0.004331033310125889	0.0015093449009375348	0.0010821965641670773	0.0026925956510726223	0.00013146777162713618	0.003795160652242657	0.002723390476292504
G[T>A]G	0.0013752178100583023	0.006175017537597682	0.0015888889473072254	0.00518846250334505	0.00785526176079955	0.0036729601205184805	0.0013697567915907172	0.0007333379977297838	0.001980962448407073	0.0008212678465980616	0.004975869927240026
G[T>A]T	0.0024648770478506777	0.003674878521711662	0.002723030975466827	0.005145445092553444	0.008508699021925019	0.004642809564650214	0.001969348617289768	0.0030478884985677725	0.004732439294759843	0.01270480990060605	0.0027409079016309334
G[T>C]A	0.0017851822685371165	0.004933575784421862	0.019631993952214658	0.005177661903166779	0.005584505181294333	0.010685438500070745	0.012733849725918844	0.0019327325595440924	0.005950296093673871	0.006713664609414991	0.021277345462673906
G[T>C]C	0.003569877474750456	0.02723112595927887	0.0082813951674092	0.0028837951762566406	0.00324626414145197	0.004695163578431618	0.00967736919857316	0.00206615116808166	0.00021151500837333968	0.001354181033710873	0.0015766200901266992
G[T>C]G	0.0024282625512569212	0.002286475246409907	0.0142161528147858	0.003144046884682068	0.005508255615981021	0.011917958691617514	0.008364234343665941	0.0030037758017169834	0.005153525241039461	0.005407842208328475	0.021969574529675243
G[T>C]T	0.00212104806327261	0.008715580771713576	0.022644366844982642	0.008730332269315112	0.006813407443412131	0.013079817114394245	0.014074413704170468	0.0022303913337520954	0.0014622213784081595	0.016156748025678097	0.008782891176688014
G[T>G]A	0.00038834040719933684	0.0019850467634358183	0.002913829104421879	0.0025349060487420607	0.003646471997176377	0.0029160989398320032	0.0017455395642708993	0.0021494475939834957	1.559623321401915e-05	0.003346105708161744	0.007918129840848031
G[T>G]C	0.0023112895842976044	0.008003455009083638	0.0003664581308490078	0.0038604466256993318	0.0002859968993403861	0.0007308555740538836	0.000631185081068395	0.0008725841833128265	0.00010876179962621358	0.004584230896204815	0.005826458122377698
G[T>G]G	0.0015735483013111207	0.004553418088044055	0.0023867590141162507	0.005989180583852338	0.005235325486184657	0.0016185719552157707	0.001446729815400687	0.005020956026564818	0.001888924855425067	0.004157260942745325	0.007898135345961527
G[T>G]T	0.002311969283654207	0.001281918366664314	0.003062198277974062	0.00709994071058361	0.008174432557815407	0.005589858964009125	0.002431494724584411	0.003168847140877915	0.0016121196319014075	0.028942163723986596	0.006746517945980273
T[C>A]A	0.012810002711507878	0.00948143952865277	0.014707369610259775	0.013387077093948391	0.007703080093043866	0.005141153781963794	0.008283638163607065	0.062410623636096715	0.006361022711764122	0.005790276147855593	0.00972819448581248
T[C>A]C	0.01168408264988102	0.01927025224416866	0.008281680146004645	0.012061296227859088	0.00902435449672339	0.009528903591587722	0.012680944913117855	0.021894853855483235	0.0070169458500819815	0.00607387172392265	0.004496172732412856
T[C>A]G	0.0004524979206510693	0.0020280391156644127	0.0002399097045754317	0.005870347405685621	0.001322383405911154	0.0010656135282160405	0.0002811731265185613	0.008679533420044976	0.0006254480212447461	0.002934456476156555	0.0005870422540034426
T[C>A]T	0.02615936493890672	0.003329472599497194	0.005434268163321523	0.01443871768921781	0.009951638594702671	0.006686651538850583	0.007081591100782134	0.11069644302129746	0.004168163717784807	0.014117048987874097	0.00213876551949852
T[C>G]A	0.0007614592200116022	0.016459246044396424	0.004743285516698208	0.005789712406505316	0.034493538457527395	0.002805460904200032	0.014556526455071434	0.004893911389287951	0.002372594530683614	0.008109790632860835	0.0034369072300976457
T[C>G]C	0.002719658924119841	0.008755259073934077	0.006495719862156726	0.010542478046010615	0.007784639286422532	0.0030396135560641826	0.012631707854487785	0.00503536061270744	0.0005332518407773534	0.008033752322299961	0.0022213623008359917
T[C>G]G	0.0005145915248547794	0.000691820898664588	0.0005845738730332961	0.01984934741674536	0.00035222445432467	0.001048863946387968	0.0003160255038037185	0.00823490069119103	0.000311266192757782	0.009930281904534582	0.0025258641501415724
T[C>G]T	0.014402394928474678	0.01614806549825971	0.014985174392665924	0.009721532612108064	0.07031099865213036	0.010128481817545065	0.013459203975931472	0.0054208720455607914	0.00043065209534390195	0.014573317906315992	0.013231712754746635
T[C>T]A	0.009881584465038031	0.01184909554431215	0.035880748434865384	0.01611384759824432	0.02561936472658999	0.02270912478822197	0.014987363395630383	0.007114665061817504	0.033939009420573714	0.011768954619110445	0.012704370895779471
T[C>T]C	0.014894324711058289	0.011271292200408815	0.033418975853128356	0.011726044847018785	0.008620809752320041	0.029120692084294148	0.030013027596869506	0.006534598952192927	0.02871424558572471	0.005892367865471897	0.020844044958230157
T[C>T]G	0.001600591025248832	0.002862695012286376	0.004556553409202024	0.013494700465093388	0.003052481874790658	0.009762366507207505	0.0039479368039906145	0.022035023725475184	0.07529558788985014	0.00922450243343458	0.011723245807377224
T[C>T]T	0.024995472310110928	0.00647699076201377	0.03315110659052152	0.013976632856248079	0.014038482125904377	0.043852936911862345	0.019807606386893894	0.007375693123685778	0.01757877106050728	0.011009637161478167	0.02836897870577161
T[T>A]A	0.00831628660322167	0.006361686995031732	0.009978470597447995	0.01784865820233762	0.00285293833820063	0.012118033240016632	0.018643817920819858	0.0038524015968278034	0.013887948034967082	0.0023560359232098448	0.029166741969007575
T[T>A]C	0.0024416846566850834	0.011297789931836633	0.003842724339248207	0.00619100434326782	0.007366772677535209	0.0037399371977102193	0.005864585415829992	0.004594100665352982	0.0019830136015998078	0.008413644435454443	0.001463749405843373
T[T>A]G	0.0017769203656757783	0.006224387709300175	0.0019945004682696776	0.008438544852162977	0.0044556564122285635	0.00532950471592553	0.002410895920813658	0.0014424225995620077	0.001490781415385669	0.004779412395268423	0.0033730153924408945
T[T>A]T	0.00204527098255312	0.009889634548380854	0.015007665141237681	0.011254761213086297	0.011825235923149649	0.024004361763059024	0.007091471775620448	0.009238711364741903	0.004751668198279617	0.01847934154618997	0.010968201041022212
T[T>C]A	0.005662857061543037	0.0050029508719308105	0.013810818941202	0.015822234178776852	0.013327430797652369	0.01252359106653671	0.028600465773924954	0.003199616946512833	0.006999437067871099	0.010423280124086887	0.015381228660787656
T[T>C]C	0.0006730348826287979	0.012112470942395249	0.016488688210414465	0.005103376405468794	0.004639300968343037	0.023469839519574123	0.012479828481858135	0.003895869866312758	0.0008212444698517629	0.006290466890495736	0.029389559884996003
T[T>C]G	0.0014710005027882289	0.006994210292832577	0.015433617709136342	0.007204934713360522	0.010716620596446801	0.011338087418279201	0.022834827495971696	0.003355179394637844	0.0065850902424512015	0.004569749378289316	0.004589823666721386
T[T>C]T	0.0016952297348325374	0.008559135591793589	0.021331508779694558	0.013217659534754346	0.021176280231811687	0.020940016210292924	0.03772574394068215	0.00810899398797119	0.02032345943846167	0.006003887586848578	0.03472819545384908
T[T>G]A	0.001712294593134942	0.0029274306173439867	0.005353412424235984	0.007326019515932103	0.006503774412005896	0.004725448686431477	0.014203643366049618	0.004355558867683982	0.002160860663283373	0.0019034008270639902	0.023761413803054268
T[T>G]C	0.0004125856086943713	0.004484370499964498	0.003137650156796994	0.0023231278530661827	0.004688440174397393	0.00338657264257332	0.002008364851544542	0.0017484415439365363	0.0012860524912856163	0.004119440394766798	0.007960359177695544
T[T>G]G	0.004201261884468707	0.0039605541743385556	0.007291425165063714	0.0047477983676387225	0.003955000067837631	0.004396596352865458	0.007254932906861482	0.004840352821930765	0.004581971480685496	0.0055891110115135235	0.036103186478030694
T[T>G]T	0.003045417286139127	0.008863029564922726	0.011124930519235932	0.014005191076139454	0.02388493811362423	0.013624755527637263	0.021488215059398498	0.0057431529280256655	0.004794338621807412	0.02893858671421185	0.06154592816717923
