NMF_Replicate	L1	L1 %	L2	L2 %	KL Divergence	Correlation	Convergence Iterations
1	3.284	124.995	1.472	74.509	1.433	0.547	40000.0
2	2.921	117.82	1.298	70.991	1.211	0.639	40000.0
3	2.992	118.339	1.372	70.251	1.328	0.6	80000.0
4	3.39	129.456	1.511	76.943	1.387	0.553	40000.0
5	3.007	124.915	1.344	74.22	1.305	0.59	60000.0
6	3.476	127.661	1.56	76.783	1.405	0.551	40000.0
7	3.352	123.704	1.487	72.93	1.39	0.598	40000.0
8	3.543	131.883	1.517	78.251	1.38	0.554	60000.0
9	3.088	122.454	1.462	74.477	1.267	0.585	60000.0
10	2.943	113.022	1.307	67.547	1.169	0.653	60000.0
11	2.894	120.8	1.357	72.636	1.206	0.618	80000.0
12	3.077	124.634	1.371	74.348	1.362	0.585	60000.0
13	3.399	125.332	1.528	74.344	1.232	0.605	40000.0
14	3.323	122.618	1.464	73.307	1.29	0.619	60000.0
15	3.417	123.997	1.552	74.972	1.252	0.606	60000.0
16	2.873	116.804	1.295	71.074	1.235	0.619	40000.0
17	3.631	132.949	1.622	79.032	1.424	0.533	60000.0
18	3.172	124.417	1.388	74.759	1.236	0.601	60000.0
19	3.224	128.135	1.532	77.31	1.246	0.57	0.0
20	2.913	123.698	1.306	74.009	1.232	0.591	40000.0
21	3.084	127.888	1.456	75.89	1.332	0.571	80000.0
22	3.524	128.394	1.524	75.836	1.344	0.588	40000.0
23	3.411	128.221	1.532	75.733	1.427	0.559	60000.0
24	3.108	119.503	1.338	72.007	1.332	0.61	40000.0
25	3.031	123.505	1.409	73.725	1.248	0.594	60000.0
26	3.055	111.795	1.309	67.956	1.306	0.633	40000.0
27	2.798	117.862	1.317	70.439	1.264	0.618	60000.0
28	3.227	121.713	1.451	73.882	1.284	0.599	0.0
29	3.167	123.407	1.465	74.634	1.288	0.592	40000.0
30	4.171	125.281	1.67	76.599	1.303	0.571	60000.0
31	2.885	122.693	1.315	73.155	1.309	0.593	40000.0
32	3.453	137.22	1.531	79.814	1.468	0.532	40000.0
33	3.123	123.314	1.364	74.51	1.261	0.6	60000.0
34	2.949	118.181	1.313	71.203	1.323	0.612	60000.0
35	3.285	129.479	1.495	76.267	1.42	0.558	40000.0
36	3.486	132.134	1.581	78.14	1.366	0.562	40000.0
37	3.25	123.758	1.488	75.075	1.243	0.594	40000.0
38	3.414	128.655	1.553	76.265	1.319	0.585	40000.0
39	3.137	126.509	1.428	75.514	1.342	0.568	0.0
40	3.323	129.493	1.567	77.399	1.368	0.561	40000.0
41	2.893	119.189	1.332	72.793	1.27	0.602	40000.0
42	3.03	121.099	1.354	73.159	1.255	0.592	80000.0
43	3.459	131.798	1.527	78.669	1.349	0.55	80000.0
44	3.239	127.542	1.49	75.617	1.369	0.572	40000.0
45	3.1	119.556	1.407	70.737	1.238	0.62	60000.0
46	3.322	128.603	1.488	76.549	1.303	0.587	40000.0
47	3.075	119.88	1.399	72.612	1.256	0.604	40000.0
48	3.204	122.738	1.473	74.225	1.27	0.602	60000.0
49	3.244	126.523	1.488	74.765	1.29	0.586	80000.0
50	3.025	117.756	1.368	72.027	1.166	0.626	60000.0
51	3.836	125.103	1.616	75.613	1.294	0.568	60000.0
52	3.373	129.385	1.488	76.404	1.362	0.558	40000.0
53	3.222	126.301	1.534	74.963	1.311	0.585	40000.0
54	2.825	112.147	1.308	69.771	1.135	0.627	0.0
55	3.466	120.851	1.497	72.132	1.262	0.615	0.0
56	3.043	119.642	1.397	73.476	1.325	0.586	40000.0
57	2.837	116.788	1.343	70.17	1.234	0.617	80000.0
58	3.538	130.43	1.587	77.811	1.439	0.547	40000.0
59	2.755	107.487	1.278	65.941	1.14	0.661	40000.0
60	2.738	113.193	1.341	69.861	1.182	0.629	40000.0
61	3.299	126.674	1.509	75.82	1.338	0.584	40000.0
62	3.462	126.525	1.536	75.406	1.33	0.576	40000.0
63	3.178	118.842	1.404	72.37	1.273	0.603	40000.0
64	2.927	120.836	1.37	71.333	1.346	0.587	60000.0
65	3.272	123.174	1.426	72.9	1.218	0.631	40000.0
66	2.786	113.346	1.3	70.352	1.18	0.632	40000.0
67	2.992	123.349	1.394	73.84	1.217	0.61	60000.0
68	3.298	128.879	1.488	76.481	1.394	0.567	40000.0
69	2.898	116.104	1.354	70.341	1.214	0.634	80000.0
70	3.526	127.617	1.53	76.48	1.329	0.566	40000.0
71	3.17	119.503	1.393	71.351	1.38	0.6	40000.0
72	3.055	122.472	1.361	73.17	1.281	0.596	60000.0
73	3.218	129.882	1.444	76.707	1.299	0.584	40000.0
74	3.332	128.746	1.521	77.066	1.368	0.554	40000.0
75	2.94	121.363	1.356	71.231	1.317	0.603	40000.0
76	2.992	119.411	1.419	73.125	1.345	0.582	60000.0
77	3.213	125.205	1.435	74.998	1.282	0.594	0.0
78	3.585	127.482	1.564	76.368	1.33	0.587	0.0
79	3.356	126.773	1.472	74.869	1.325	0.584	40000.0
80	3.185	123.614	1.446	74.495	1.283	0.589	40000.0
81	3.183	121.553	1.51	73.184	1.269	0.599	40000.0
82	3.152	125.89	1.443	74.63	1.461	0.564	40000.0
83	3.498	135.208	1.558	79.449	1.456	0.534	40000.0
84	3.316	125.684	1.502	74.779	1.339	0.585	40000.0
85	2.968	119.088	1.303	71.76	1.346	0.596	80000.0
86	2.924	113.186	1.318	67.935	1.211	0.623	40000.0
87	2.691	113.854	1.241	70.396	1.19	0.631	40000.0
88	3.01	113.494	1.324	67.811	1.224	0.639	80000.0
89	2.847	116.363	1.363	70.466	1.132	0.636	60000.0
90	2.949	119.108	1.344	72.063	1.316	0.592	60000.0
91	3.204	120.458	1.37	72.727	1.249	0.603	0.0
92	2.944	127.807	1.398	75.538	1.321	0.579	40000.0
93	3.062	118.971	1.437	72.872	1.268	0.596	40000.0
94	3.275	130.822	1.529	77.256	1.417	0.553	40000.0
95	2.722	114.975	1.287	69.111	1.204	0.629	40000.0
96	2.69	114.29	1.247	68.447	1.182	0.642	60000.0
97	3.023	126.638	1.433	75.447	1.334	0.585	0.0
98	2.552	108.61	1.224	67.103	1.065	0.671	40000.0
99	3.442	130.615	1.668	77.766	1.359	0.575	40000.0
100	2.832	110.659	1.316	66.628	1.216	0.642	60000.0
101	3.346	126.209	1.488	75.086	1.345	0.578	60000.0
102	2.82	114.464	1.285	68.859	1.16	0.653	60000.0
103	2.965	118.765	1.343	70.651	1.248	0.604	40000.0
104	3.213	118.193	1.449	68.9	1.193	0.632	40000.0
105	3.364	126.953	1.481	74.479	1.36	0.584	40000.0
106	3.009	122.628	1.352	74.554	1.256	0.585	0.0
107	3.076	122.197	1.481	74.561	1.286	0.584	40000.0
108	3.632	121.027	1.545	73.077	1.385	0.59	40000.0
109	3.239	124.34	1.452	72.948	1.418	0.572	40000.0
110	3.476	138.73	1.546	79.844	1.503	0.517	0.0
111	2.813	113.129	1.317	69.862	1.223	0.621	0.0
112	2.976	121.188	1.343	72.75	1.3	0.61	40000.0
113	3.836	136.392	1.705	79.365	1.416	0.547	40000.0
114	2.938	119.176	1.336	72.617	1.267	0.595	0.0
115	3.381	124.192	1.485	75.908	1.305	0.58	60000.0
116	3.521	129.975	1.574	77.802	1.384	0.57	0.0
117	3.488	131.377	1.528	77.281	1.334	0.56	60000.0
118	3.296	121.749	1.5	73.801	1.19	0.623	60000.0
119	3.296	121.313	1.456	72.657	1.288	0.595	60000.0
120	2.807	114.926	1.291	68.456	1.181	0.643	80000.0
121	3.269	121.709	1.439	73.688	1.374	0.566	40000.0
122	2.792	117.924	1.284	70.851	1.314	0.597	60000.0
123	3.211	131.003	1.473	77.124	1.345	0.565	60000.0
124	2.907	118.391	1.288	70.408	1.385	0.6	60000.0
125	3.136	123.34	1.461	74.292	1.354	0.595	40000.0
126	2.949	116.71	1.424	70.429	1.155	0.633	40000.0
127	3.5	128.371	1.493	76.557	1.353	0.566	60000.0
128	2.858	116.405	1.319	69.192	1.21	0.639	60000.0
129	2.81	119.722	1.312	71.615	1.225	0.613	60000.0
130	3.055	120.17	1.378	72.98	1.224	0.609	40000.0
131	3.187	126.929	1.434	76.545	1.295	0.569	60000.0
132	3.026	117.596	1.32	70.0	1.232	0.617	60000.0
133	3.171	120.775	1.405	72.723	1.26	0.595	40000.0
134	3.077	128.649	1.377	76.004	1.329	0.58	0.0
135	3.449	125.377	1.458	76.03	1.336	0.587	40000.0
136	3.271	122.291	1.434	72.633	1.381	0.598	40000.0
137	3.278	125.507	1.488	74.651	1.355	0.573	60000.0
138	3.442	134.257	1.524	79.611	1.427	0.524	60000.0
139	3.289	121.56	1.498	72.492	1.315	0.58	40000.0
140	3.378	127.77	1.473	75.834	1.373	0.559	40000.0
141	2.658	113.94	1.258	70.844	1.172	0.626	60000.0
142	3.169	124.082	1.351	74.033	1.338	0.588	60000.0
143	3.196	125.532	1.453	74.171	1.356	0.593	80000.0
144	3.705	129.795	1.559	77.132	1.364	0.554	0.0
145	3.445	128.761	1.509	75.004	1.358	0.57	60000.0
146	3.143	118.578	1.478	72.137	1.2	0.632	40000.0
147	3.008	122.049	1.355	72.953	1.252	0.599	80000.0
148	3.011	127.458	1.383	75.223	1.346	0.575	40000.0
149	3.623	132.933	1.646	78.769	1.362	0.557	40000.0
150	3.019	122.987	1.36	73.326	1.358	0.571	40000.0
151	3.132	123.975	1.476	74.017	1.341	0.579	40000.0
152	3.244	116.37	1.472	71.181	1.194	0.625	40000.0
153	3.437	124.926	1.497	73.617	1.387	0.587	80000.0
154	2.6	111.369	1.207	67.301	1.14	0.65	60000.0
155	3.29	125.235	1.545	74.748	1.337	0.585	40000.0
156	3.335	125.835	1.521	75.274	1.302	0.58	0.0
157	2.988	123.436	1.372	74.126	1.366	0.593	80000.0
158	3.211	124.218	1.455	73.531	1.336	0.582	60000.0
159	3.297	129.053	1.457	75.28	1.449	0.571	60000.0
160	3.115	120.179	1.396	71.937	1.318	0.6	60000.0
161	3.091	124.281	1.445	75.701	1.3	0.58	60000.0
162	2.993	115.86	1.411	68.944	1.245	0.641	40000.0
163	3.032	119.485	1.404	72.968	1.193	0.607	60000.0
164	3.349	129.295	1.508	76.079	1.283	0.582	40000.0
165	3.668	127.69	1.588	77.801	1.344	0.558	40000.0
166	3.047	120.194	1.369	75.097	1.173	0.604	40000.0
167	3.056	122.297	1.403	74.17	1.294	0.592	60000.0
168	2.966	118.421	1.339	70.545	1.286	0.619	80000.0
169	3.214	114.885	1.39	67.918	1.286	0.62	60000.0
170	3.277	115.849	1.395	70.14	1.23	0.62	40000.0
171	2.869	122.361	1.319	72.756	1.259	0.598	40000.0
172	3.056	118.05	1.399	71.069	1.274	0.619	60000.0
173	3.199	130.384	1.482	77.064	1.307	0.564	40000.0
174	2.849	118.745	1.335	71.652	1.201	0.612	60000.0
175	3.045	128.535	1.459	75.844	1.311	0.576	40000.0
176	3.085	122.534	1.424	73.66	1.26	0.603	40000.0
177	2.834	121.282	1.36	72.593	1.299	0.585	40000.0
178	3.188	126.386	1.419	75.089	1.357	0.574	40000.0
179	3.022	120.27	1.394	72.704	1.152	0.621	60000.0
180	2.951	116.679	1.298	69.259	1.228	0.635	40000.0
181	3.188	124.183	1.44	75.119	1.301	0.584	80000.0
182	3.047	124.031	1.415	73.357	1.292	0.589	60000.0
183	3.034	125.499	1.382	75.259	1.341	0.564	60000.0
184	3.633	133.375	1.727	79.64	1.369	0.539	60000.0
185	3.424	127.246	1.471	76.281	1.43	0.553	60000.0
186	3.093	124.653	1.463	75.303	1.281	0.59	0.0
187	3.249	115.892	1.451	71.821	1.223	0.615	60000.0
188	2.744	114.859	1.254	68.526	1.218	0.624	0.0
189	3.14	126.663	1.385	75.41	1.322	0.582	60000.0
190	3.417	133.697	1.485	77.758	1.477	0.552	40000.0
191	2.92	118.132	1.357	72.58	1.213	0.621	40000.0
192	3.262	127.367	1.538	75.864	1.344	0.585	80000.0
193	3.435	123.0	1.551	73.26	1.283	0.601	40000.0
194	3.43	123.938	1.486	76.185	1.406	0.557	40000.0
195	3.252	121.117	1.466	73.009	1.409	0.558	40000.0
196	3.323	128.996	1.499	76.25	1.332	0.59	40000.0
197	2.985	124.474	1.311	75.056	1.328	0.574	40000.0
198	2.935	118.552	1.385	72.648	1.228	0.616	80000.0
199	2.919	120.165	1.357	72.869	1.248	0.593	60000.0
200	3.024	118.696	1.37	73.052	1.259	0.615	60000.0
