MutationType	SBS96A	SBS96B	SBS96C	SBS96D	SBS96E	SBS96F	SBS96G	SBS96H	SBS96I	SBS96J	SBS96K	SBS96L	SBS96M	SBS96N	SBS96O
A[C>A]A	0.009920365262150881	0.00984098048407759	0.02733282816332576	0.040845696325413884	0.008397678661886232	0.018777145085608144	0.010549208405427635	0.005946321832790886	0.008197969823031599	0.014395504300397306	0.00423865248920265	0.005734798334946163	0.004114978066691037	0.025429772197967396	0.020004637323254998
A[C>A]C	0.027867354391182743	0.041421412945492196	0.0068055651727426895	0.016342134435544723	0.010169472105930595	0.013044733538772562	0.017854537271464323	0.007531119541376938	0.008391639735818898	0.019423054914805105	0.0012519093329194674	0.001837108828003693	0.01440494005734763	0.01580925700306107	0.012053243656676642
A[C>A]G	0.0006921829913125066	0.0030826722101846824	0.0023975004027380464	0.00605554519237387	0.0009988720886097368	0.02313777742325328	0.0008380890028401211	0.0005718357157161335	0.0025611636541647397	0.003441594801469705	0.0033636338452978265	0.01275283806501136	0.0017755848623076532	0.00477353551382258	0.0022158655964089747
A[C>A]T	0.02065703720320016	0.011232483944347678	0.02449054062497453	0.02184298641164787	0.003246617357654031	0.009818726798945824	0.003966078630113543	0.002518132850793222	0.007095250867639997	0.009042148841883773	0.0016662192772730578	0.004543012782742153	0.003102895779402388	0.011155719815942433	0.009059233492721334
A[C>G]A	0.0018465355571301244	0.011625816319356658	0.048710570307448506	0.014880325151607395	0.004864300820447056	0.004088995553080395	0.0094914004261679	0.007650597216513119	0.0058369200680294855	0.007327782843519373	0.001537969923172504	0.006840222940467698	0.00956955941737732	0.016119245831769886	0.015797189643049877
A[C>G]C	0.0012422377153416164	0.004759855620778378	0.016911714546122312	0.007623672751469713	0.0059425529623530335	0.0029787309283611308	0.005470368728024374	0.004647771465198502	0.004961305550755242	0.011775599374437179	0.0018020989635832052	0.0061936309758687	0.009325551076752063	0.0038405860901760567	0.0021379314159043973
A[C>G]G	0.0006788363691833865	0.0021719935235825004	0.00010253524840205586	0.00853651150139065	0.0001698259255113044	0.08329000172100422	0.00013762966809061083	7.059736652577087e-06	0.0012363658138123768	0.0017834348752791573	0.00010983966887395446	0.018747596209348672	0.00027813161134041306	0.0008938366188057501	0.0004928025754098186
A[C>G]T	0.00491736712671468	0.006090278575356933	0.06082581194117665	0.00596350675077133	0.010033908593123347	0.01748807021701168	0.004719262328400226	0.009882990221601667	0.007423471933993255	0.008780175502666623	0.0022949522551808836	0.003736037570216695	0.025022524795323308	0.007657808528003898	0.0031755976076500046
A[C>T]A	0.0045328379518272755	0.008789391812424583	0.04370120055972393	0.03153953156754142	0.040596776714810406	0.01821863495090838	0.05177763470099308	0.021785770225574198	0.03947562814033063	0.027427267118441744	0.03380215305791353	0.010662489982405533	0.014063718354445882	0.08089301021187566	0.02953057373226471
A[C>T]C	0.006617924955280614	0.002949616112485337	0.005448234164293813	0.0011326776885061918	0.04845888418263712	0.012158639273402515	0.027006191798054715	0.017974927195851562	0.021343067374385283	0.019363929220924093	0.013217592963744095	0.004038566387511043	0.013721791578948057	0.02047520261590071	0.011412762334314888
A[C>T]G	0.008798817955739651	0.0028224750572007906	0.004620149809920806	0.027650714815536048	0.009361640945108433	0.06674346022273085	0.00955256541480452	0.003468130211196314	0.012594220649042427	0.005024647967015307	0.1353080759383738	0.023525611100922106	0.003027206788278818	0.0224977120043458	0.004539496755265873
A[C>T]T	0.005854648147433182	0.003197297180352621	0.013949397024989594	0.005708358185875113	0.03619444551579221	0.013670882319565862	0.034787815771705935	0.031209518239484167	0.02450046680183732	0.02067059263805277	0.021640659068943933	0.013780086437400314	0.02399467956389163	0.022604630556943447	0.011138288453614961
A[T>A]A	0.0036595882423648618	0.010753334914455763	0.009129700681179997	0.002649817398639129	0.00621559801001845	0.010428402614052175	0.017561305515237678	0.0043343376566615174	0.005398449235807448	0.010203844687996835	0.0009215319041929248	0.0006589978533702379	0.003950016147232276	0.011075234553668434	0.005072489309799657
A[T>A]C	0.00552593992493712	0.009273428720505876	0.003238735829802124	0.0017295965594404717	0.007737097320914188	0.006450582952742252	0.004208957474495776	0.0045925866648892115	0.00319769723744173	0.007451618600334058	0.001723490528192574	0.006281617686724417	0.006262196566753886	0.003986006851214512	0.0012656794489210909
A[T>A]G	0.0021510810127074367	0.007627179960727517	0.007597590490867827	0.0020006269527220867	0.007502422416437184	0.005587746647956919	0.004423384528262204	0.003716380258549066	0.00538157010815766	0.006749306530733748	0.008641222840522005	0.0014723972978421787	0.0060874153533463015	0.0038015010961580443	0.0024130180027427885
A[T>A]T	0.008070462128671352	0.0052171197612869945	0.006797932584668161	0.006382214496697998	0.007911136899966208	0.006392378130422003	0.00661096744076076	0.005670763524783667	0.012754051934549988	0.016318229532969325	0.0015343837498860858	0.011202061566582416	0.011224137003352438	0.014921267566434722	0.028235805647084503
A[T>C]A	0.0020598103940604206	0.010027288418034458	0.008505156898070253	0.0026886290481434117	0.026431911539984868	0.006053352556409739	0.035149948079197205	0.02601268537571343	0.02489972594182291	0.057584223008016126	0.02274195402627811	0.02273655806609895	0.030271391644564886	0.048662206040080494	0.05074460088709316
A[T>C]C	0.0016486765854722585	0.007706471952151333	0.008058517114932329	0.003399470686126733	0.010335141926782398	0.002482070079759119	0.014026419966830872	0.0182924919064709	0.013604215641083092	0.012419985246727805	0.004563920114067343	0.0018827587919251698	0.02351378026164639	0.0035354015042226195	0.006498619409477975
A[T>C]G	0.0021820800535533634	0.0033276401426037684	0.004203559381795685	0.0006290803305353393	0.02129481334646698	0.013208541912899819	0.02642771469145373	0.018622103172383504	0.016956391548592364	0.026806778293507704	0.008498903901920301	0.006997032705278343	0.03166872346497257	0.014165714031701455	0.015073721228780456
A[T>C]T	0.0023757952866822053	0.007269186738983251	0.010272378515027185	0.001654771084743041	0.03417212279851806	0.003309872511412095	0.06602473362814636	0.06532865964190933	0.02004065539960152	0.0229867329950423	0.038351641600688706	0.016982492302995523	0.03466432400047779	0.01270393759718445	0.005002104864498769
A[T>G]A	0.0019968992570113643	0.0015624995211913984	0.007181962612230563	0.0009139593937288737	0.002152175198878723	0.004133921900805149	0.0031138858817320704	0.009578579946231791	0.006928363401637511	0.0071918997591683366	0.002116102389769525	0.01210961112680593	0.006984439547140921	0.009418010864254428	0.018870577697804584
A[T>G]C	0.0024931475883465735	0.0017013262724539402	0.002065748321104479	1.3247859070588675e-05	0.003166186190488283	0.0022017570915492967	0.003328692322346001	0.002936176335158507	0.003559085429161186	0.002206346112610582	0.0006617288872008231	0.003689065568271985	0.0012560395098178102	0.0026646401844321586	0.00824899126302892
A[T>G]G	0.001480312125872274	0.005394562762081705	0.00135298896912035	0.0008464565288851133	0.003879668120960673	0.00392109221473774	0.005609470879026333	0.0030047204207355096	0.005097114178536515	0.004662695688586984	0.002731692350319008	0.002352261850476793	0.002133214190845649	0.01127332121330852	0.06189103245163721
A[T>G]T	0.002074569416676013	0.0021030524975321897	0.013026728075463439	0.00014030437654582783	0.005051008102748255	0.005019845579105748	0.0064289747972470935	0.013471392013440706	0.011542196626625555	0.013890704015964275	0.0012020528399722251	0.021659095152683674	0.026652762256507288	0.006781237179238202	0.01028544351950231
C[C>A]A	0.012210893811611641	0.01728005696873879	0.002718425616581612	0.057539717312902215	0.004315508713480085	0.02120579050349079	0.0053786374941522455	0.007704078265628027	0.010780453578237257	0.009767658834641112	0.007815710159155458	0.006486618190290017	0.00979082338664739	0.0064596351193438074	0.005165097152960811
C[C>A]C	0.011454877180512994	0.01689391331252409	0.0031026686862016106	0.014494463922455908	0.011532976305607007	0.012696098800224717	0.006064530979440406	0.005961488467384583	0.008731580804874	0.010006623513900194	0.0012822128944048926	0.010464113024609105	0.008045963843721325	0.005540273049727204	0.00564433529164333
C[C>A]G	0.002483625453096465	0.002411521940186674	0.0015152873437281756	0.0045806362143687804	0.003945708872551337	0.02205835016240755	0.002060996134516131	0.000983120412850127	0.0016166230882345188	0.0031493374642889193	0.004961537835320371	0.00621158501453948	0.0015634502474027557	0.0031906161402862664	0.0004775552748650025
C[C>A]T	0.025889557093282462	0.05190229285883106	0.010634674328739492	0.028335490352474152	0.0015405481030597913	0.006785137851472314	0.0011397407706979124	0.0008935287788438773	0.005079787365216362	0.0037408394406121203	0.0003107302004764294	0.010519250185467968	0.0016223717200838906	0.001761034307911089	0.0023928880269257036
C[C>G]A	0.0028109421824569834	0.002103823965991296	0.022277267994747944	0.003676941029206091	0.002779586743343714	0.007265954004228235	0.0017554295952881204	0.002723502855171347	0.00256451914745071	0.007953479694348146	0.0008437693879787389	0.006367208496014598	0.010918995654504755	0.005046260049242051	0.008802154498511001
C[C>G]C	0.0042008398217149075	0.0038832004865003	0.00499291080515043	0.005270907524709401	0.005453695733874469	0.007665771804726802	0.0020088875731355494	0.005844855197783261	0.0030160747327310842	0.0022166247000350837	0.0010561047221980147	0.008055641043922606	0.004866306232984954	0.002997154805139388	0.003171882114272009
C[C>G]G	0.0019369730867572342	0.0006487778649869824	0.003334631687974081	0.000754654139906279	0.0013366300828111832	0.01619962430908217	0.0005202342611571531	0.0006316312032014037	0.0008888720209080958	0.0009298772053599257	6.358426575397757e-05	0.0024312725884196597	0.0014372094944409143	0.0011381459303576058	0.0001745224008179136
C[C>G]T	0.010785005608340725	0.00935791858486482	0.01925448873201162	0.0033053131332644627	0.012970618545659817	0.008734246008329194	0.0052154932835805565	0.003931028350938277	0.006816451605081966	0.008018674105620897	0.0005784184940890569	0.008709953110301285	0.010524402822253762	0.006327962763411676	0.004598120344503798
C[C>T]A	0.04570334983058274	0.0038245122428884316	0.028987834877334535	0.010283294086621026	0.025281187854125163	0.011443833310158311	0.030018536792540546	0.026335817983490415	0.02365563416169607	0.02012621200346871	0.026527939169234287	0.014805980353412452	0.016412999814600367	0.014169713962304513	0.00308375334785282
C[C>T]C	0.19249323569238186	0.04578081210958771	0.007210938823047855	0.0034382402110009025	0.014075013019681358	0.0009006293123169939	0.021449386370377396	0.018371430876839744	0.026109002584898348	0.01101997450597608	0.005106688571260545	0.005406699032944289	0.0068957717568943625	0.010923135730698497	0.003985977879535767
C[C>T]G	0.00733593653945718	0.0022565356165796403	0.00532651320591981	0.024970407891887588	0.009065116703414446	0.032421244700650505	0.016924402142790312	0.013944539814601739	0.031093660523706605	0.006693051391016525	0.13168317466974258	0.0058281043293495136	0.005885507536488603	0.018451174928552517	0.005069868743336397
C[C>T]T	0.17743141267448664	0.01906199418116003	0.002581919734718667	0.004653642295161262	0.05190374118683394	0.014060861080728682	0.026439670980719823	0.019249692453128447	0.01880228767765675	0.0156442142812773	0.01960322312577887	0.008803618535550868	0.01153420220449764	0.02340183239130738	0.014599554326490854
C[T>A]A	0.018979886673228634	0.018107340710170092	0.005619942056549041	0.0008932148283437868	0.0016797272410330954	0.002721480867141395	0.0012900619076397493	0.0017004567476742948	0.002113435741348688	0.005197299655499723	4.041159131418226e-07	0.0015278980806118624	0.006466290352949358	0.0017883574500565302	0.0006872054003754968
C[T>A]C	0.018428829912784862	0.029689178530365724	0.0008154476889825446	0.0006444133883407232	0.001776649000320385	0.004389623367030566	0.0019774549927615227	0.0021161414751273856	0.007109683435105213	0.004645760741771543	0.0022751002162378596	0.010404508101385658	0.006417371546064885	0.0032708193479427904	0.001630135971267137
C[T>A]G	0.021316627310014553	0.03200541690132809	0.0030418816149716576	0.007111529581421365	0.002136096354574306	0.006967230342833162	0.003027689415161774	0.002604974353181433	0.00335910458146806	0.003319270830489529	0.002776528272298222	0.0025211745604082126	0.00165309465570175	0.003141063228186134	0.003625525080666847
C[T>A]T	0.03168917905168598	0.05232428741249521	0.009705761919250336	0.0009556737081828715	0.0010143863432233503	0.009613699041843234	0.0022814840739813747	0.0012885076567101805	0.0019373095144279606	0.0029964138135288466	0.00017085839628236955	0.02300935012055561	0.0012712040375150479	0.0013358601573813188	0.0021445727939103775
C[T>C]A	0.004204639349991339	0.006946486290353278	0.0031864863186523156	0.0018146767521784568	0.011149415685412691	0.009711301833944929	0.01222462927981553	0.010401978227327503	0.007971286956201879	0.013566022785399298	0.0017793413392459456	0.0035159429503030994	0.019912887156932582	0.007938198717062335	0.012976355470541314
C[T>C]C	0.0085600907346452	0.012439411472141728	0.007509072506641061	0.008010527085862123	0.008179177002468806	0.0016538224158261982	0.013794396936347084	0.008356602975247825	0.004684742698375963	0.00897144671353118	0.0006919039988623155	0.022004899031016975	0.00698060024581352	0.004875996572097208	0.0013433285069058055
C[T>C]G	0.0025076582075996613	0.014954148350952892	0.004512099642774388	0.003904400024439383	0.01761069677595515	0.003964771625170139	0.012731364535887479	0.017331257060936876	0.013439142040751903	0.011022345454664446	0.010936079391491375	0.014085925116669387	0.015670365178100384	0.009513643363241328	0.006609786283549397
C[T>C]T	0.002780398789836198	0.01723442613205407	0.008566507719012293	0.00449305806789198	0.012127110621804604	0.003835362997196512	0.02018757659971719	0.010119874583635351	0.010322925626792313	0.024962134179659187	0.011830869960031123	0.07864384485408664	0.012926174947681978	0.023142944129896818	0.02800463522687366
C[T>G]A	0.0021820443922075583	0.0037269688925186985	0.002833841648241844	0.0005267345655865796	0.002541060807130009	0.0016457420798756317	0.0015884925515018012	0.0015587300654557978	0.006473199548549715	0.002585502971722775	0.0004885417940541004	0.006063223131587847	0.0010078990849194014	0.002379017787388249	0.008591048685870675
C[T>G]C	0.0005835216570747548	0.003137957927627468	0.008141964727708739	6.956569365001996e-10	0.001297521269903612	0.0028038861896646948	0.0015846464566453022	0.002414140066317465	0.0018712907496483844	0.0015929923570717009	0.0019242912776326192	0.00751474331865893	0.0006833277960403095	0.0006488523909081057	0.002261509666893744
C[T>G]G	0.0018381934466951578	0.009420985800097696	0.002813816857769069	0.006828073908914121	0.0011351443534824669	0.007565902411375305	0.000820760046729454	0.0032540250321827103	0.0032200689804679074	0.0038823282981854845	6.165563842813526e-05	0.007634901000407979	0.005003225679854495	0.0032821660245817164	0.006114311587019045
C[T>G]T	0.001692265670679538	0.003903164027056505	0.001900749881706023	0.0022444162812283765	0.005830930351887958	0.01663722168804327	0.0014460190658740402	0.0030653450197302232	0.0020305649759707833	0.0023046793686880562	6.390168219468251e-05	0.15986273489892483	0.003505204539762392	0.0013580166965488517	0.0012783357535420237
G[C>A]A	0.007380042444659125	0.029647821530708142	0.001012823422640356	0.11321212057024241	0.010268460853385477	0.012702872905385618	0.005060101509883026	0.008850850322666024	0.025324763081059985	0.008607809292657862	0.0023123386903904477	0.006826578115320174	0.0052057364352646116	0.007164583886889204	0.003916860860473115
G[C>A]C	0.029373785796669837	0.04420197368757442	0.003047317496877042	0.007023397016819217	0.006710133887536358	0.003953494676999299	0.005189114574715461	0.007596725187254378	0.016632366830073905	0.009798191859976697	0.008426167657852375	0.001455913140305256	0.009927463268311384	0.005121501202716515	0.0013764345999076812
G[C>A]G	0.0012082552242964084	0.000606878213835671	0.004275450824447091	0.007005903258395847	0.0014374752522750356	0.00763221050344157	0.0022779463898775277	0.0017428354909595004	0.0017794665230606555	0.0034870025844621483	0.001219948869863027	0.0037849653395207383	0.001685697421204111	0.005559782405081393	0.005367867407155569
G[C>A]T	0.004218817759487194	0.01151652799024987	0.012503740691764449	0.06538831189274788	0.002849866968664401	0.008234125098948369	0.003583829839607091	0.0034824607349932535	0.004389551074125962	0.004261603406538512	0.00010468930534742072	0.0017278350377989682	0.004744856523189753	0.005367191663576563	0.006467665265486176
G[C>G]A	0.0010396947098861632	0.007039830650938086	0.020709221548053165	0.0010069083513276665	0.0010959638620900948	0.010308155001818706	0.0015608438118589164	0.0009759210852219269	0.002802021342429799	0.005340466389944041	1.271291112136197e-05	0.00217175501928196	0.0038803320483251015	0.002956263284777303	0.0012046298558677825
G[C>G]C	0.007796043052148888	0.03185923040611669	0.010145680154618333	0.003279620985367444	0.0020052680512009503	0.002073606048516865	0.0030088495109386313	0.0048024375921102095	0.006067140720900071	0.0030970001953394897	4.606694880841644e-05	0.0011747789541053067	0.0024878173937685232	0.0025667037098993538	0.004065450880589569
G[C>G]G	0.0003996035827377398	0.0006589908090559504	0.00015403700716419167	0.0006447274386668056	0.0005058524122496166	0.011323778294907178	0.0008697335779769589	0.0008823682998078653	0.0010320389852190282	0.001622434431083306	0.00042616278237010973	0.0016105747010588534	0.0014414461048018956	0.0004261271902623065	0.0006119495256352847
G[C>G]T	0.008222919316189063	0.012501258654363029	0.01858114853424283	0.0017390401482475682	0.0060297724860683384	0.012344043818371802	0.001663163094479927	0.003989626083940437	0.0033710649749994557	0.0069955148644749695	0.0	0.013446701321248327	0.010930107745979285	0.0059382858385366435	0.0030783998076297082
G[C>T]A	0.012960759411216714	0.0149091045798707	0.029850282477834753	0.0017881133539497235	0.030631765149119018	0.011848483335361381	0.03899362704548139	0.0254995526327275	0.016540458964505546	0.017464778109751933	0.015847721584098053	0.002161030970640354	0.027480148323520553	0.011149240623186785	0.001965497384410746
G[C>T]C	0.005498876538913464	0.016152891726815142	0.014286415967037981	0.015338398492895066	0.025655126700599454	0.003958164356886975	0.03005801292005344	0.052739301875699314	0.0265368544611556	0.012058887159577694	0.017302450532001787	0.0028074682021633633	0.030294316556100966	0.009623957960473746	0.007987747611431832
G[C>T]G	0.0020902155473487482	0.004079410408118065	0.0006581025805920148	0.01363636708654667	0.004240462778543588	0.02254640623606882	0.008610622255864087	0.020191929771317518	0.02422022355156571	0.004623833361879406	0.1206590742431581	0.011598922407567045	0.00364791246901774	0.00894844994868322	0.011175214402888968
G[C>T]T	0.006461895916046943	0.010811006440342226	0.012675073768114088	0.002884498929270194	0.02570250192570484	0.016746434778833644	0.021104781527467694	0.044554170388146304	0.02854434841312468	0.020914179243242757	0.024333825198295925	0.0037487311916319754	0.04402976987184957	0.008095358485629162	0.011297578058193949
G[T>A]A	0.0015651548939655414	0.004511128213021038	0.008446598324895688	0.0032444426458835096	0.0009568400984561265	0.0037552318330070023	0.0004609185831442275	0.0008451309954638476	0.004486418892398092	0.003859787101846749	0.006040168561114996	0.001369785765549736	0.004283485939240422	0.006497245642933152	0.004537972955846392
G[T>A]C	0.0031652111478371126	0.009101041231257483	0.00442906980803059	0.002466201343407474	0.001583710886093428	0.0048085283030998485	0.0015354144879016474	0.0011477359743392412	0.0023141029244226983	0.0028076224656424387	7.029858745216444e-05	0.0033868801568834785	0.0016279646394704273	0.0028788575998529	0.0024300342195034473
G[T>A]G	0.0012270065694136888	0.005967848260498556	0.007915284882011377	0.0005283596614910202	0.002411860568197213	0.004204310014848289	0.0017635213205964106	0.0010858078259355609	0.00656535187665213	0.004377327624355448	0.00137855531478694	0.0002798233227245106	0.0022022909452370245	0.004898151060749427	0.004152528813087563
G[T>A]T	0.002076073998208585	0.003960766845295041	0.008973369286007653	0.002813560802016468	0.007451106372356548	0.005170782795669951	0.002676896910228379	0.0018471177834254605	0.0029931479781663485	0.004807776513548868	0.004918974266807652	0.01353692663484253	0.001905465472043204	0.004433704848815125	0.002359991307944327
G[T>C]A	0.0016227901681372713	0.003899778281634667	0.005493755879774227	0.0017762870691603893	0.012310703201271735	0.0034903074688827475	0.016471908071138443	0.022100150949347606	0.007675132996099876	0.00918369265985234	0.005236675107892878	0.006800493529376297	0.007500783398144506	0.010267220645162637	0.0233741784043589
G[T>C]C	0.0018058162154254375	0.030562280827085148	0.002204796024667388	0.0021151048946988025	0.00804923797701008	0.0018561472616195828	0.0075284788012568524	0.007822138015620227	0.007722690471271463	0.006121980425730982	0.00014588723016544235	0.0014497282094973229	0.007146777682872169	0.0021806476228259084	0.0012866412879775169
G[T>C]G	0.0023964675475508556	0.0013012991832684418	0.004798359593567056	0.00296306765100816	0.010409330768563905	0.0008504637911025432	0.014276582187321765	0.011712448025064503	0.005955167045492828	0.010807350358252848	0.0050684164551995535	0.00554554419817066	0.006878477479190224	0.016581720136670412	0.019732891847220487
G[T>C]T	0.0021294097128513466	0.006479075212061361	0.006365909367582389	0.0019658016060816407	0.01457636646548707	0.0069103775534972555	0.021745180255086902	0.020795042983584155	0.010875859558893808	0.01456552911263998	0.0006564007114303649	0.017252113911877132	0.008252036555186066	0.006915328520273505	0.01155033718208756
G[T>G]A	0.00034052500902191694	0.0015961175496818213	0.0032304767876395603	0.0019928493841468507	0.0030744137873134746	0.0026890774960853037	0.004117066512197596	0.002540071364154599	0.001668036154544108	0.0018724431826679577	2.1683867584556536e-05	0.003155921692349182	0.001462690460095306	0.00349207968130384	0.010085278845312544
G[T>G]C	0.002065173202834103	0.008642782648639696	0.00018102954435548214	0.0006006172496571693	0.00036341150138889054	0.005318880559140808	0.00033013442781319567	0.0009989430351012984	0.002699433460048262	0.0016068277328101033	3.6345008184497376e-05	0.004261335765660874	0.00032054087749240346	0.001865287885884701	0.006977552355139665
G[T>G]G	0.001503838742246444	0.004608433362384403	0.005551247658182205	0.004611521232509404	0.0016039752041467636	0.006959479751021718	0.0021652549607290438	0.0039032308249535674	0.004248225002788217	0.002162513993712736	0.0014699267226360745	0.0031870286679566108	0.0018198784861831285	0.0025002774882049296	0.010857921020052208
G[T>G]T	0.0024283786112175676	0.0009101441677569255	0.00824450908509288	0.0031712043651226907	0.004154338207921171	0.0063392665335879885	0.003385465754372348	0.0018733339246978175	0.007439335182875198	0.004605266338432631	0.0012048150992859518	0.03340528760105371	0.002747073553298094	0.005915338530376246	0.009618075231415233
T[C>A]A	0.011980424795848989	0.009577437953822425	0.006154958119392404	0.06648809498175978	0.004919570964229934	0.016545315626193574	0.006986558672112504	0.01853237206254562	0.019893985061060694	0.01164797112081942	0.004639371946487359	0.005142545598187098	0.005510798151881317	0.006973295732310589	0.011976247488119327
T[C>A]C	0.010881496268411865	0.020265921318205073	0.007621698246803135	0.023130928515456617	0.0083350780577166	0.012178829109197977	0.007262397235026583	0.008886306766224834	0.01186361816525391	0.014623112620095852	0.006642210024210158	0.005870655478046274	0.014811154314947998	0.007230798906526914	0.004494976645977147
T[C>A]G	0.00032294486248019894	0.0022234955122645774	0.0013553559710205575	0.008368102977096897	0.0005460628167042536	0.0087180969353129	0.0004727431646281133	0.0007668033059598134	0.0015316597912973862	0.0010811262997129666	0.000580474282969945	0.001991288704887708	0.0003543474200865582	0.0019107083087630628	0.0007052982053553869
T[C>A]T	0.024574878855428323	0.005497706410145611	0.010384884264979063	0.12149305365979672	0.013973318754558477	0.01906690170066687	0.0040215971673984545	0.005800667768445606	0.005427793719355804	0.00803548011529017	0.004903559500230443	0.015250931533846596	0.008000770949816976	0.008257020410892721	0.002146459774898091
T[C>G]A	0.00037472349533288705	0.01684950375871267	0.035510470517911015	0.004579685891323387	0.005806561974039539	0.003415144332642367	0.005316850094702381	0.010832572697093212	0.004823324157834037	0.01099163422451653	0.0019777623383126297	0.009191882149036702	0.017544309410912434	0.0031187958969469067	0.004665819198086325
T[C>G]C	0.0026193895377116406	0.007226594833632589	0.007612452899782057	0.0044446482602239715	0.004945084513660305	0.011431165597130075	0.004013516027430981	0.008563542968294086	0.007040429823585726	0.008103804735838337	0.00042631802669347964	0.006519085068277661	0.014950504413349962	0.0026614538790297004	0.001765892030372953
T[C>G]G	0.0006533594026696221	0.0004760815408082664	0.0005892514027249618	0.006339946090703705	0.000502335829856122	0.031136573616767187	0.0008681827822579181	0.00022917913609930452	0.0018158351752825296	0.002391417240792393	0.000261378902898306	0.00488637810943139	0.0004257941931434317	0.001715409972102968	0.0031268499091819278
T[C>G]T	0.014183885502861813	0.016535281320936974	0.07582316242158413	0.004728067568833581	0.021211450310656802	0.006951006210015293	0.00731904247796308	0.013170378977053527	0.012952663758178743	0.01181420140004434	0.0007097145641790803	0.014913111724678175	0.018028372879176687	0.01649527524967624	0.01132628219555066
T[C>T]A	0.010498395951872226	0.009033287505735644	0.026596572910129908	0.006097397658177215	0.026359060203870258	0.012565680727516355	0.029919654281507065	0.02423094751311737	0.04215064730029553	0.019378438103385066	0.030827024945856464	0.01046378910092244	0.007485722168348729	0.011858538277269872	0.014351858585222317
T[C>T]C	0.015537681154091843	0.009190417543450166	0.006432601979641958	0.005994765490031568	0.037265382756013425	0.007125537781405671	0.026510809735914336	0.03392550906148431	0.026899381777038798	0.021758827590210784	0.024923241998476443	0.0053666679781599665	0.026430088096549297	0.024971220528758522	0.01370210481452549
T[C>T]G	0.001458188261434543	0.0016006099263195495	0.00305074665057532	0.021745732481721233	0.0032061108443935636	0.014448463567937324	0.006700012835737539	0.006240880883292448	0.014126673475138319	0.011021608014074218	0.08731965528335422	0.008637416757003392	0.007356752978512588	0.01422563956164364	0.014263758694062005
T[C>T]T	0.027082086470909417	0.004040180468679182	0.012345264945664666	0.007272042911208701	0.0320616130273919	0.0038239741428697043	0.026103156519020558	0.02286427672725722	0.03981810356053757	0.03455843851714917	0.012968154648519884	0.012013682257465916	0.01588415985314043	0.038278618357289816	0.02310416539433845
T[T>A]A	0.00916423404996749	0.004957304867766794	0.0019256868455127573	0.0024455856956956284	0.009100047662080897	0.015354696234862786	0.00673040386827779	0.014770977549827648	0.015339043046490385	0.013251302985227085	0.011158859815782024	0.0014441341912242933	0.02231106786428427	0.022122356914330794	0.024835957794212504
T[T>A]C	0.0020205161776122114	0.010887666629787417	0.007331223084130158	0.004698154635317848	0.004752946825386708	0.0052664316293842715	0.002053123284771914	0.003472577070161478	0.00917511415212374	0.005982915520474066	0.001303494018444411	0.00874137547350017	0.0073227522793919775	0.002337967916022663	0.0019163943397943583
T[T>A]G	0.0015124004305181417	0.006309225319388077	0.00443640443861284	0.0011440146623783675	0.0035795628199312545	0.008876498648015313	0.004698864534884492	0.002109183990422139	0.0038328518082101225	0.006109908031691873	0.000980579650570661	0.0034348240078537627	0.002019320565899747	0.0037683931116706225	0.003643752501077664
T[T>A]T	0.001550864281161921	0.00866388586757239	0.010303624832756668	0.009269749682280235	0.01406094537675898	0.009550921677728183	0.024946438234073866	0.007540363753329302	0.01141464987071231	0.019900266342619943	0.003800362430189921	0.01954397000205972	0.005433747935469597	0.021871265504993857	0.006939352039625391
T[T>C]A	0.005576521137509189	0.0033143399336040603	0.012837969978427281	0.0026544783228018786	0.024128798961819485	0.01183491799980402	0.00782052873953944	0.020023879109003672	0.009313022516143974	0.01647742579586577	0.0058371823777595465	0.00944694925304418	0.030891816350631415	0.012190391665135393	0.014045699965312224
T[T>C]C	0.0003413590945882561	0.011066303145635175	0.003053522643742923	0.0032378455463185673	0.022885319555230127	0.0017203332361441425	0.0208789598436438	0.008059227567611913	0.007799022892718142	0.015828426858316647	0.00044579358017575286	0.007102837828865631	0.010207860544438176	0.02721739349779682	0.024342592667547683
T[T>C]G	0.0014089847267838322	0.004683177508268272	0.009539872415641568	0.002972619205029332	0.01183949222883257	0.003341233062225797	0.009840200445143808	0.01711713834206847	0.01388447392391484	0.016913705940684167	0.005647766256468287	0.004220103232806309	0.025447183291325927	0.0072826760864037965	0.004386635489019639
T[T>C]T	0.0015337189365560921	0.005476932624005713	0.01961301836312026	0.007281523633864708	0.019487592419864086	0.006493108127738196	0.022156092772338525	0.023253054364121225	0.012483255135703076	0.028514003614851617	0.020095670316312635	0.005869152751984075	0.04394694428890943	0.03277058932358557	0.029239580908901816
T[T>G]A	0.001706743874138308	0.0024542237711219174	0.0058603091416750885	0.003476397114973224	0.006483143275585519	0.007965954954861586	0.001898155565652644	0.008547403811351727	0.004978747605331222	0.006718980787212843	0.0018148337040528872	0.0007968780837273925	0.014469880283033944	0.011957479082730274	0.028163438381277217
T[T>G]C	0.00035469083306254577	0.003957258664073677	0.004157418958291146	0.0016041972196566689	0.0018054887147991039	0.00134505340493547	0.003974575118266981	0.0027921736093890026	0.0036041278603262937	0.004612054562739445	0.0009538236124979704	0.004208037179961366	0.0023538379045658785	0.0049600772670245164	0.008606845480546781
T[T>G]G	0.003999709482687078	0.0040351772540668665	0.0025731734192459754	0.004506904527098641	0.003369950734706606	0.005061057133739269	0.0034639450860822762	0.014072127224613382	0.0083616948300309	0.005235390789540872	0.0036118562596624314	0.005242050102933718	0.003832167955744126	0.00826804992934086	0.04683922845251587
T[T>G]T	0.002841564782138448	0.006909871595812555	0.023844466550508515	0.00492937814046229	0.01033462923288198	0.014205530078487526	0.006610980857867616	0.012677315104709805	0.012921983710497216	0.01875886810302063	0.0044766485940931485	0.0322609901893884	0.02501191510586068	0.02899261636857091	0.06833995063826478
