MutationType	ID83A	ID83B	ID83C	ID83D	ID83E	ID83F
1:Del:C:0	0.09309216012246907	0.022685080683591537	0.05581084300472867	0.0390436600812285	0.03508225082293848	0.08637277116067707
1:Del:C:1	0.0279904176978971	0.020282510195892767	0.06548006914307279	0.0211211310092375	0.0349471902466189	0.005835945897071042
1:Del:C:2	0.002552638085083565	0.027614523326952422	0.016052094710037393	0.006134342977115352	0.01226585692790195	0.00161607996985218
1:Del:C:3	0.005302915254191376	0.0030209030739779762	0.004430588601087173	0.005170982662104944	0.003647362667530487	0.0007880671114570869
1:Del:C:4	0.0009270420065988282	0.002877153797009839	0.007999170476978464	0.004196578389189405	0.006008414066901153	0.006673620489802161
1:Del:C:5	0.00041543755301666594	0.00975486140935814	0.0041862638410288654	0.004781765528475201	0.009680332597504417	0.008070472747555613
1:Del:T:0	0.05713719692742135	0.013269900487996438	0.15763498669309683	0.009531097090507248	0.016404008177078308	0.010810995691636358
1:Del:T:1	0.04315478060464697	0.006985545696418374	0.07450522922712409	0.00662397310451496	0.00902801730817444	0.0051557938771347265
1:Del:T:2	0.03744041449115912	0.013555944522555308	0.019882037665597638	0.026571482413540935	0.015954723970100417	0.002222536987939705
1:Del:T:3	0.006659076468134089	0.019119921445740998	0.005464300045227901	0.04716449480205661	0.0089588134793064	0.02173479851784819
1:Del:T:4	0.0004197193829461288	0.028688669181436807	0.016621837527481205	0.01212574829754855	0.011722532208764456	0.017128925777675347
1:Del:T:5	0.0011782528761043343	0.19737565067596732	0.022866359202343124	0.02734447104215292	0.01956687751203731	0.00565779923868447
1:Ins:C:0	0.006654676449508088	0.024937151500491268	0.012446750735765021	0.030928815115411793	0.04728523338813488	0.04385532103092373
1:Ins:C:1	0.00700558609794534	0.010015122126896031	0.009487234754290412	0.00256401513864148	0.015935192743550885	0.011596845094191224
1:Ins:C:2	0.00495171939480005	0.00435521205087758	0.0013600514002360643	0.003316678807479505	0.0040069415624642436	0.0034521664164861576
1:Ins:C:3	8.033536769663563e-05	0.014784879348701676	0.0030258284732729503	0.0007585349483606941	0.006959465502928519	0.0005800214093395084
1:Ins:C:4	0.0024265486583715033	0.0027294301728619883	0.000777380229991973	0.0041575757936421496	0.004461744389228581	0.0018012448541691128
1:Ins:C:5	0.0007054699790690522	0.010332558113446452	0.01252766006950658	0.006832689408197483	0.009452774384836146	0.002834743311063104
1:Ins:T:0	0.014409047429624806	0.0029432841545484222	0.0050089142687807	0.019839679800909185	0.019197652767589377	0.19102560219354928
1:Ins:T:1	0.052242593056467966	0.00576022923757165	0.032670200437905236	0.024876315196155473	0.021736565810678316	0.03342752189844646
1:Ins:T:2	0.01599439643207006	0.004067983352740292	0.007870281168309673	0.00810848576280371	0.008056220748609278	0.012342362814235912
1:Ins:T:3	0.007560440209506254	0.016906866273197638	0.013932671198444666	0.004743338647347741	0.01259147657413763	0.007666931693738022
1:Ins:T:4	0.00023404551203940472	0.00617036578057899	0.0010992245536833244	0.004531229073674776	0.006335739544953451	0.0021975323416219793
1:Ins:T:5	0.010538054261847094	0.15523328221719793	0.09169546686561261	0.03457938184265174	0.13567081639993034	0.005355088882192831
2:Del:R:0	0.02293584484070493	0.012604810836891148	0.02311521835691451	0.023401885595120006	0.021668903065506128	0.025281005851955172
2:Del:R:1	0.02387052233667248	0.02306899155771589	0.01314376880116896	0.15368880229391038	0.035653803947162714	0.01247485873331847
2:Del:R:2	0.002649715713706877	0.014029207366025389	0.004060098161449044	0.015505568401820078	0.024052581432088688	0.002342434346861282
2:Del:R:3	0.0063845299876955156	0.0012399814987532488	0.00268370382960045	0.0030259378801765924	0.004259499942451655	0.0033463519401801013
2:Del:R:4	0.0001856111239293856	0.0014785010471968362	0.0017048661052772474	0.0012517551516751091	0.0005497036580759396	0.00087310459295594
2:Del:R:5	4.912669205051401e-05	0.004769306726631725	0.0003851144699136055	0.003894318871122664	0.0015364192752582006	0.0006069704369478046
3:Del:R:0	0.009672506278087738	0.0012007144255889556	0.012304641771842685	0.004906467003861721	0.006655601443065109	0.018708454420504096
3:Del:R:1	0.008944693540302496	0.05341006071201107	0.006448256301057995	0.04666519741640032	0.03414112703267222	0.008277687088385405
3:Del:R:2	0.0011435231503190348	0.002735042742365259	0.0009248586909548529	0.011799853208526728	0.004702352361075471	0.013750230258095826
3:Del:R:3	0.0007527333945665494	0.0010725000135685025	0.0011171553930454314	0.004628634805348106	0.008202916262888067	0.00519409162872833
3:Del:R:4	0.00012737364034156595	0.0012499721046984292	0.000605914084899588	0.001938324215913312	0.00203685160260207	0.0004953196512042269
3:Del:R:5	0.0017999579827623435	0.0004890200217410268	0.0008044553740177563	0.001078551511202761	0.0006940860549449468	0.0005180653923548917
4:Del:R:0	0.011559181538594815	0.004261023669963286	0.0022869458453292956	0.003225156034790615	0.005795420263635442	0.0012733732755734995
4:Del:R:1	0.010129643149945196	0.004312814436572197	0.004297620078117751	0.009365346977825055	0.015267729757299247	0.01573744349913653
4:Del:R:2	0.0006069966201656118	0.0031923679707551856	0.0008504620261430306	0.01258825481466216	0.0031691976303527625	0.0028989313356594516
4:Del:R:3	0.0019697639660806133	0.00016280536316783058	0.0007591064296802541	0.0007760513625090292	0.0013022724389504603	0.0029547450045131997
4:Del:R:4	8.423165507576158e-07	2.5052863153973702e-06	1.5053360909877965e-06	3.2700113860073544e-06	4.25721319835759e-06	5.166368449636138e-06
4:Del:R:5	8.423165507576158e-07	2.5052863153973702e-06	1.5053360909877965e-06	3.2700113860073544e-06	4.25721319835759e-06	5.166368449636138e-06
5:Del:R:0	0.06197682010505133	0.01427554041974453	0.015014920914890127	0.015173405657957204	0.013783982009416391	0.009228710062091352
5:Del:R:1	0.00592445414712607	0.002477007058219094	0.0075017954157386765	0.021206286855594385	0.00754693864881995	0.01870340334932649
5:Del:R:2	0.00358171854901741	0.0005182551732409912	0.0006261088922582125	0.00345933316582169	0.0019962363605358037	0.002885205127777013
5:Del:R:3	0.003109713265199874	0.00018219325811390518	0.0004566392973370892	0.0029532234382550013	0.001329374625324462	0.0012804054176334745
5:Del:R:4	0.0004626960082837606	0.00015249716683463977	0.00012733421581217818	0.00047335431772204116	0.0003913398638147214	0.0005067920734637709
5:Del:R:5	8.423165507576158e-07	2.5052863153973702e-06	1.5053360909877965e-06	3.2700113860073544e-06	4.25721319835759e-06	5.166368449636138e-06
2:Ins:R:0	0.005735877240752174	0.01359735658783702	0.006484559306966065	0.014268958573207655	0.02798854243267108	0.06237587191820694
2:Ins:R:1	0.006513529435092025	0.005126834811894649	0.009961958524000813	0.01107241488960472	0.010381461620049208	0.023260427453542842
2:Ins:R:2	0.007143777854519655	0.002180368773743879	0.005789313303673395	0.0012569535864784599	0.0026373205193099027	0.0011579886019843855
2:Ins:R:3	0.006051457502012454	0.0027684578688661077	0.0007256634397452011	0.003804208603286483	0.003030002555537905	0.0027205120946922623
2:Ins:R:4	0.0003897720337847055	0.0020400527049068986	0.0022929950252506257	0.001856897188993567	0.001727461263579464	0.003548253203416678
2:Ins:R:5	0.006802437399710897	0.003925349765329184	0.004909302895204509	0.002872757127593113	0.003981989011976097	0.001978783206488899
3:Ins:R:0	0.0062304289493577865	0.0023397387917632527	0.0014482982536229926	0.004821152718724662	0.012301046607234483	0.005391962985149896
3:Ins:R:1	0.010091366567715223	0.0016773596210357055	0.0013330063523207692	0.004785950380636494	0.0011967927527166467	0.0006075181598072277
3:Ins:R:2	0.0002631928114345228	0.004034004539886027	0.0022075514528321883	0.0012618235720946557	0.0035416103092549014	9.784863332020776e-05
3:Ins:R:3	8.423165507576158e-07	2.5052863153973702e-06	1.5053360909877965e-06	3.2700113860073544e-06	4.25721319835759e-06	5.166368449636138e-06
3:Ins:R:4	0.0018513222600894518	5.170977977364544e-05	0.0006660265012811629	0.0002805759070406566	0.000511540823471286	0.0001476894716387278
3:Ins:R:5	0.0005051597269195307	0.0027177878412672383	0.000943481387015277	0.0010423327952612028	0.001960881228611151	0.0010032610039651857
4:Ins:R:0	0.006669214750243455	0.004604401539919607	0.0018198021926622231	0.007460327180489901	0.007428032889944367	0.008452769981479164
4:Ins:R:1	0.005213434417260387	0.011508927903414979	0.007907904226373575	0.004648275134393337	0.004172756211152198	0.0025189993570357626
4:Ins:R:2	0.0004939082653547722	0.000474748718541278	0.0006892315804230975	0.00035700707326954186	0.0017701671414788933	0.00017811832609346823
4:Ins:R:3	0.0015336948995894062	0.0015982122120249277	0.0004942664873587788	0.0009280759834485863	0.002497224398376723	0.0009352280805971991
4:Ins:R:4	0.005979792816658431	0.0014926998499053923	0.0009459402844015064	0.002051380145193509	0.0011398114541658444	0.0003061882194252519
4:Ins:R:5	0.010229128811671729	0.002957601308288158	0.0031821860197596055	0.003477971717264978	0.012448406090731293	0.007869206867498804
5:Ins:R:0	0.03885355586788961	0.001050978703335801	0.01979826998220048	0.0024859033687935116	0.015149717737841436	0.009341049541560746
5:Ins:R:1	0.011843463680095851	0.019461408397491484	0.011891791229892305	0.009305917170661147	0.015281066502269241	0.028247885160989358
5:Ins:R:2	0.004305845104512045	0.00013242922338698725	0.0010558515294468184	0.0010818360294519635	0.0019124627482825262	0.0047656179429880294
5:Ins:R:3	0.0005154027284552054	0.0008866881690497275	0.001105803569905972	0.0014848279364638372	0.0034217141622489857	0.0037444114855699697
5:Ins:R:4	0.00898405476928687	0.0012300449983454298	0.0012327509612436848	0.0012874313325249532	0.002363902153583197	0.0004879392591396225
5:Ins:R:5	0.0041372090214386505	0.0005409200620316312	0.000534964864033709	0.0012080270778569435	0.0015889836083388786	0.003252941017663886
2:Del:M:1	0.012906652640890854	0.018769774309349146	0.017072756585374976	0.08483839470427483	0.04400717127106873	0.09889088019857808
3:Del:M:1	0.016484968655644538	0.007750219577306688	0.007702824298176338	0.004483599971090459	0.005362308753795446	0.0012480939833701466
3:Del:M:2	0.009681289191835845	0.022350771652038758	0.0037516232168670794	0.017374853128948615	0.03649735664317689	0.01315128059350883
4:Del:M:1	0.0055849389226985124	0.00733776171569346	0.010529251821008358	0.005564912075737283	0.013962111143408222	0.004148513262116111
4:Del:M:2	0.0022613622971185167	0.0021705984470077678	0.0020673298351925017	0.014802041180474816	0.003540719389738536	0.012822605155694937
4:Del:M:3	0.007021740251940685	0.009128041544385557	0.0030279406440022784	0.019932527584142292	0.028335768464836306	0.00990049109501193
5:Del:M:1	0.07697844333596664	0.026971585650517795	0.03319751049430011	0.024570112377523826	0.02694525331526961	0.0019443407349727692
5:Del:M:2	0.06641491130064196	0.029167940520599355	0.045178564090377335	0.010591475231316282	0.005464065672722	0.0015362990456767988
5:Del:M:3	0.03564147941366315	0.002419275370007519	0.018815098446490878	0.01650778670229986	0.004817479501601554	0.001961271313166648
5:Del:M:4	0.017022912246444546	0.009466961823079725	0.006272230658075515	0.012788036673665295	0.008615125770720766	0.008149061409808525
5:Del:M:5	0.02275080541599891	0.007709329746170219	0.022903516347350175	0.0093800002836594	0.014310181355850915	0.038295280460706634
