MutationType	ID83A	ID83B	ID83C	ID83D	ID83E	ID83F
1:Del:C:0	2.08E-03	1.80E-03	2.08E-03	2.18E-03	2.18E-03	2.71E-03
1:Del:C:1	1.36E-03	1.61E-03	2.41E-03	1.70E-03	2.46E-03	7.70E-04
1:Del:C:2	3.44E-04	1.43E-03	1.13E-03	8.16E-04	1.22E-03	5.49E-04
1:Del:C:3	3.53E-04	3.61E-04	4.13E-04	4.82E-04	4.77E-04	1.92E-04
1:Del:C:4	2.41E-04	4.35E-04	5.96E-04	4.95E-04	6.92E-04	6.74E-04
1:Del:C:5	1.87E-04	7.71E-04	4.68E-04	5.47E-04	8.77E-04	6.49E-04
1:Del:T:0	3.00E-03	1.43E-03	4.34E-03	1.41E-03	2.10E-03	1.37E-03
1:Del:T:1	2.30E-03	8.84E-04	3.04E-03	8.92E-04	1.42E-03	6.23E-04
1:Del:T:2	1.59E-03	1.16E-03	1.27E-03	1.84E-03	1.55E-03	5.38E-04
1:Del:T:3	6.42E-04	1.45E-03	9.58E-04	2.15E-03	1.09E-03	1.59E-03
1:Del:T:4	2.38E-04	1.75E-03	1.22E-03	1.26E-03	1.34E-03	1.49E-03
1:Del:T:5	6.78E-04	4.17E-03	2.44E-03	2.49E-03	2.26E-03	1.66E-03
1:Ins:C:0	9.11E-04	1.85E-03	1.36E-03	2.59E-03	3.71E-03	2.70E-03
1:Ins:C:1	6.82E-04	8.92E-04	9.00E-04	7.11E-04	1.51E-03	9.10E-04
1:Ins:C:2	4.19E-04	4.49E-04	2.64E-04	4.61E-04	4.98E-04	5.15E-04
1:Ins:C:3	6.62E-05	7.54E-04	4.20E-04	2.05E-04	7.17E-04	1.69E-04
1:Ins:C:4	2.36E-04	3.00E-04	1.75E-04	4.19E-04	4.78E-04	2.89E-04
1:Ins:C:5	2.61E-04	8.46E-04	8.05E-04	7.03E-04	1.03E-03	4.04E-04
1:Ins:T:0	1.18E-03	8.54E-04	7.88E-04	2.29E-03	2.31E-03	4.07E-03
1:Ins:T:1	2.13E-03	8.48E-04	1.80E-03	2.12E-03	2.56E-03	2.15E-03
1:Ins:T:2	7.85E-04	5.30E-04	6.96E-04	8.52E-04	1.01E-03	9.90E-04
1:Ins:T:3	6.06E-04	1.23E-03	8.99E-04	7.50E-04	1.25E-03	8.97E-04
1:Ins:T:4	1.19E-04	5.61E-04	3.17E-04	5.19E-04	6.92E-04	3.86E-04
1:Ins:T:5	7.95E-04	5.33E-03	4.60E-03	2.59E-03	6.65E-03	1.45E-03
2:Del:R:0	1.13E-03	1.19E-03	1.31E-03	1.72E-03	1.68E-03	1.65E-03
2:Del:R:1	1.43E-03	2.19E-03	1.32E-03	4.20E-03	3.01E-03	1.89E-03
2:Del:R:2	5.36E-04	1.19E-03	8.78E-04	1.38E-03	1.80E-03	5.08E-04
2:Del:R:3	4.06E-04	2.20E-04	3.79E-04	3.80E-04	5.58E-04	3.69E-04
2:Del:R:4	6.59E-05	1.80E-04	1.72E-04	1.85E-04	1.53E-04	1.45E-04
2:Del:R:5	3.18E-05	3.64E-04	1.28E-04	3.62E-04	2.79E-04	1.83E-04
3:Del:R:0	6.88E-04	2.83E-04	8.73E-04	6.31E-04	8.31E-04	1.00E-03
3:Del:R:1	8.89E-04	2.40E-03	1.13E-03	2.58E-03	3.00E-03	1.49E-03
3:Del:R:2	3.46E-04	3.99E-04	2.57E-04	8.76E-04	6.85E-04	8.49E-04
3:Del:R:3	2.17E-04	2.41E-04	3.29E-04	5.12E-04	7.23E-04	6.10E-04
3:Del:R:4	8.50E-05	1.82E-04	1.18E-04	2.25E-04	2.40E-04	1.36E-04
3:Del:R:5	1.65E-04	9.45E-05	1.42E-04	1.52E-04	1.33E-04	1.02E-04
4:Del:R:0	6.22E-04	4.30E-04	4.13E-04	4.91E-04	6.03E-04	3.31E-04
4:Del:R:1	9.87E-04	6.26E-04	8.46E-04	1.01E-03	1.44E-03	1.17E-03
4:Del:R:2	2.16E-04	4.39E-04	2.49E-04	8.41E-04	4.94E-04	4.22E-04
4:Del:R:3	1.84E-04	5.11E-05	1.36E-04	1.44E-04	1.82E-04	2.69E-04
4:Del:R:4	6.12E-08	7.00E-08	8.30E-08	6.93E-08	9.81E-08	6.74E-08
4:Del:R:5	6.12E-08	7.00E-08	8.30E-08	6.93E-08	9.81E-08	6.74E-08
5:Del:R:0	2.09E-03	1.19E-03	1.49E-03	1.63E-03	1.43E-03	1.14E-03
5:Del:R:1	5.24E-04	4.89E-04	8.35E-04	1.53E-03	1.01E-03	1.34E-03
5:Del:R:2	2.77E-04	1.64E-04	1.32E-04	3.63E-04	3.05E-04	3.44E-04
5:Del:R:3	2.62E-04	5.65E-05	8.93E-05	3.04E-04	2.25E-04	1.97E-04
5:Del:R:4	7.75E-05	6.11E-05	5.08E-05	9.26E-05	9.32E-05	1.07E-04
5:Del:R:5	6.12E-08	7.00E-08	8.30E-08	6.93E-08	9.81E-08	6.74E-08
2:Ins:R:0	1.12E-03	1.47E-03	1.61E-03	2.07E-03	2.91E-03	3.21E-03
2:Ins:R:1	6.52E-04	5.92E-04	8.61E-04	1.10E-03	1.13E-03	1.40E-03
2:Ins:R:2	4.09E-04	3.04E-04	4.27E-04	2.31E-04	3.67E-04	1.94E-04
2:Ins:R:3	3.84E-04	3.19E-04	1.72E-04	4.80E-04	4.22E-04	3.70E-04
2:Ins:R:4	1.06E-04	2.28E-04	2.68E-04	2.48E-04	2.77E-04	3.35E-04
2:Ins:R:5	4.21E-04	4.25E-04	4.52E-04	4.41E-04	5.51E-04	3.25E-04
3:Ins:R:0	6.06E-04	4.14E-04	3.02E-04	6.17E-04	9.78E-04	7.07E-04
3:Ins:R:1	4.72E-04	2.32E-04	2.36E-04	4.35E-04	2.78E-04	1.40E-04
3:Ins:R:2	1.03E-04	3.67E-04	2.69E-04	2.03E-04	4.03E-04	5.16E-05
3:Ins:R:3	6.12E-08	7.00E-08	8.30E-08	6.93E-08	9.81E-08	6.74E-08
3:Ins:R:4	1.45E-04	2.91E-05	1.25E-04	7.76E-05	1.32E-04	5.37E-05
3:Ins:R:5	1.34E-04	2.74E-04	1.64E-04	1.73E-04	2.87E-04	1.82E-04
4:Ins:R:0	5.38E-04	5.44E-04	3.53E-04	7.28E-04	9.07E-04	9.01E-04
4:Ins:R:1	4.86E-04	7.42E-04	5.61E-04	6.34E-04	6.54E-04	3.63E-04
4:Ins:R:2	9.38E-05	9.42E-05	1.09E-04	7.99E-05	2.24E-04	7.53E-05
4:Ins:R:3	1.45E-04	2.09E-04	1.09E-04	1.69E-04	3.09E-04	1.97E-04
4:Ins:R:4	3.38E-04	1.88E-04	1.95E-04	2.83E-04	2.14E-04	9.86E-05
4:Ins:R:5	6.96E-04	4.87E-04	5.41E-04	6.06E-04	1.15E-03	8.37E-04
5:Ins:R:0	1.94E-03	3.09E-04	1.97E-03	6.24E-04	2.02E-03	1.42E-03
5:Ins:R:1	1.17E-03	1.47E-03	9.01E-04	1.42E-03	1.89E-03	2.09E-03
5:Ins:R:2	2.88E-04	6.24E-05	2.24E-04	1.96E-04	3.16E-04	3.83E-04
5:Ins:R:3	1.39E-04	1.90E-04	2.17E-04	2.56E-04	4.24E-04	3.79E-04
5:Ins:R:4	4.70E-04	1.87E-04	2.57E-04	1.87E-04	3.24E-04	2.14E-04
5:Ins:R:5	2.78E-04	1.11E-04	1.13E-04	1.91E-04	2.73E-04	3.29E-04
2:Del:M:1	1.04E-03	1.67E-03	2.02E-03	3.48E-03	2.75E-03	3.38E-03
3:Del:M:1	7.39E-04	6.17E-04	6.33E-04	7.47E-04	7.95E-04	2.90E-04
3:Del:M:2	1.01E-03	1.75E-03	7.97E-04	1.61E-03	2.71E-03	1.68E-03
4:Del:M:1	4.01E-04	7.90E-04	7.49E-04	7.21E-04	1.14E-03	7.83E-04
4:Del:M:2	2.79E-04	4.58E-04	5.21E-04	1.04E-03	6.83E-04	1.07E-03
4:Del:M:3	7.37E-04	1.13E-03	6.13E-04	1.61E-03	2.22E-03	1.39E-03
5:Del:M:1	2.46E-03	1.91E-03	2.05E-03	1.94E-03	2.51E-03	6.72E-04
5:Del:M:2	2.29E-03	1.94E-03	2.49E-03	1.31E-03	1.07E-03	5.38E-04
5:Del:M:3	1.40E-03	4.18E-04	1.21E-03	1.18E-03	9.04E-04	4.40E-04
5:Del:M:4	8.71E-04	9.75E-04	7.12E-04	1.15E-03	1.16E-03	9.68E-04
5:Del:M:5	1.12E-03	9.46E-04	1.10E-03	1.31E-03	1.58E-03	1.89E-03
