MutationType	DBS78A	DBS78B	DBS78C	DBS78D	DBS78E	DBS78F	DBS78G	DBS78H	DBS78I	DBS78J
AC>CA	0.004447304965592025	0.01451975551572207	0.006724099063509073	0.014783541931345425	0.011619342938162162	0.0035958976386501716	0.011762770671763007	0.0015445656974314658	0.00734023806767542	0.011072060419927539
AC>CG	5.306124879496111e-06	3.741539196937538e-06	2.2241307297576897e-05	3.1972572937775115e-05	3.1913468164930235e-05	3.487390281406988e-05	2.34207970200373e-05	2.7894728801811653e-05	3.8373547913010955e-05	4.0015255459024955e-05
AC>CT	0.00012037860927064493	0.0005315984776919907	0.0068769020490540836	0.005302256314488432	0.010435889568489643	0.012693851678617004	0.010471858834204753	0.013912424040174932	0.014100805965553352	0.014966306082559933
AC>GA	5.306124879496111e-06	3.741539196937538e-06	2.2241307297576897e-05	3.1972572937775115e-05	3.1913468164930235e-05	3.487390281406988e-05	2.34207970200373e-05	2.7894728801811653e-05	3.8373547913010955e-05	4.0015255459024955e-05
AC>GG	5.306124879496111e-06	3.741539196937538e-06	2.2241307297576897e-05	3.1972572937775115e-05	3.1913468164930235e-05	3.487390281406988e-05	2.34207970200373e-05	2.7894728801811653e-05	3.8373547913010955e-05	4.0015255459024955e-05
AC>GT	2.4260976281950457e-06	0.00015300147121238093	0.0016327479290522361	0.010321459384986721	0.011700555149222462	0.010275698737673871	0.015230617503730089	0.008755723372858648	0.019221347345354255	0.021018206943863107
AC>TA	3.155299457215377e-06	2.5760380764440892e-06	0.0036475598609339954	0.007623853527570361	0.004492699022687612	0.00590150091620579	0.03200184217881375	0.006234480515697257	0.011982246545733407	0.009903737099300085
AC>TG	0.006899104402771599	0.0017871405586038058	0.0052522185677477615	0.0034791816371297826	0.014428871984770808	0.012313401004971742	0.009899251914538762	0.006796740342351249	0.014113990389085545	0.025928999249020847
AC>TT	0.00500960962118171	0.00016193821156481046	0.0003536070637166233	3.046252398917204e-05	2.9650537508132403e-05	3.653970690947972e-05	0.0004979763502392132	2.5695716925611122e-05	0.00012342130453099287	9.624931848293273e-05
AT>CA	5.306124879496111e-06	3.741539196937538e-06	2.2241307297576897e-05	3.1972572937775115e-05	3.1913468164930235e-05	3.487390281406988e-05	2.34207970200373e-05	2.7894728801811653e-05	3.8373547913010955e-05	4.0015255459024955e-05
AT>CC	2.7278182179202304e-06	0.0016863283777718153	0.008927313103979343	0.004465327693006884	0.015432904858275833	0.003370137402184099	0.009144540204901982	0.0012883979321234894	0.0007468079965321574	0.02816007995227437
AT>CG	5.305350271385123e-06	3.7415074629620904e-06	2.2239061464119915e-05	3.19572154285197e-05	3.191373120898788e-05	3.4869804212576125e-05	2.3472411790237402e-05	2.7895180793393592e-05	3.837062361469634e-05	3.9999250171263155e-05
AT>GA	0.015000486128355419	0.00019569167493492577	0.0007842698620687827	2.794236708950848e-05	2.5754767159469337e-05	3.5047157838334896e-05	0.0016023665424546607	2.0874127476986358e-05	0.00044762002599810555	0.0004977718718208024
AT>GC	0.004853279065435743	0.00014560637996948955	0.00022299416221983393	3.059977168732076e-05	2.9697348618356046e-05	3.6408246752444027e-05	0.0005805404954891457	2.56085856659638e-05	6.605768250494748e-05	0.0001134770533514029
AT>TA	0.0010017525538249749	0.010183859426060591	0.0008925109509177985	0.006735152161971684	0.07414377133775632	0.010343228209129939	0.019242259686158808	0.004098951701015374	0.035579658484854546	0.010158877799671012
CC>AA	0.0763305914977036	0.039999564826134135	0.48539412383628816	0.004359786193194868	0.00680430900037146	0.04476068703921035	0.026208400343861914	0.017694543314614744	0.012585547769961396	0.028962888175836175
CC>AG	0.00990178871501429	0.024004216056946318	0.06060792950939046	0.011907218482988391	0.006884009689517257	0.04396596811946154	0.01093243427270355	0.0014342826078907183	0.014281211450587535	0.017685196644676465
CC>AT	0.028980638857173818	0.07048250560968483	0.006299377273438851	0.00616299368287699	0.005970100164621484	0.0026181905616948285	0.010249950336620049	0.0031511511938560987	0.3454515561155813	0.0013199671304412312
CC>GA	0.011076241143011317	8.709534248223516e-05	0.00046892911479403667	2.915305325132067e-05	2.714066402404569e-05	3.592835754943735e-05	0.0010029864738726247	2.252538542450111e-05	0.00020077246726714294	0.0004253490003702609
CC>GG	0.004919343928509932	3.7975745774654347e-06	0.00026145115453118706	3.0514643099195383e-05	2.9292484146026255e-05	3.7218452781644374e-05	0.0007706286004366803	2.4334475745604323e-05	9.222111203939676e-05	0.00039403606792802747
CC>GT	0.004865115846996844	0.014104033225122414	0.00041938071070944714	0.00048388094748816004	0.0006706773638188679	3.434036289490905e-05	0.0013413598972391583	0.00042466041618695273	0.005102654118028624	3.806214277688014e-05
CC>TA	0.014481606310337156	0.025919582061103768	0.0010803655092729513	2.4982609679682356e-05	2.3939528284699917e-05	3.205144802791438e-05	0.004862382994882921	0.0005539192028462026	0.0038173711264278152	3.547157636432985e-05
CC>TG	0.005582012658254029	2.8768722478402787e-05	0.00023822071477184182	3.066224134727236e-05	2.957294766929408e-05	3.747877187834092e-05	0.000509963297183873	2.4655475953068163e-05	9.097725597534634e-05	4.039910766607591e-05
CC>TT	0.011101455743282357	0.0025334686668135537	0.05307086761153834	0.0016935957558909152	0.006261427287962983	0.1861350569351098	0.009087048427746042	0.01121164056125581	0.025176043205868474	0.03968234430748596
CG>AT	0.010857948710949472	0.00027957342377108786	0.0005060883835318464	2.9281708343660284e-05	2.6863075240726176e-05	3.538888512139238e-05	0.0011139816188074291	2.2577966864787412e-05	0.00014828777407352334	0.00024140658900023481
CG>GC	5.305350271385123e-06	3.7415074629620904e-06	2.2239061464119915e-05	3.19572154285197e-05	3.191373120898788e-05	3.4869804212576125e-05	2.3472411790237402e-05	2.7895180793393592e-05	3.837062361469634e-05	3.9999250171263155e-05
CG>GT	5.305350271385123e-06	3.7415074629620904e-06	2.2239061464119915e-05	3.19572154285197e-05	3.191373120898788e-05	3.4869804212576125e-05	2.3472411790237402e-05	2.7895180793393592e-05	3.837062361469634e-05	3.9999250171263155e-05
CG>TA	5.305350271385123e-06	3.7415074629620904e-06	2.2239061464119915e-05	3.19572154285197e-05	3.191373120898788e-05	3.4869804212576125e-05	2.3472411790237402e-05	2.7895180793393592e-05	3.837062361469634e-05	3.9999250171263155e-05
CG>TC	5.305350271385123e-06	3.7415074629620904e-06	2.2239061464119915e-05	3.19572154285197e-05	3.191373120898788e-05	3.4869804212576125e-05	2.3472411790237402e-05	2.7895180793393592e-05	3.837062361469634e-05	3.9999250171263155e-05
CG>TT	0.013702389421592577	0.025975840136319164	0.0009434302464080701	2.4924874172711497e-05	2.368187170020519e-05	3.1413408026992326e-05	0.0059172324846829836	0.00015227375591251758	0.0037380486321183072	0.0005680497120391692
CT>AA	0.08601071880630119	0.35571527410298587	0.023600305578472643	0.0007947000053433432	0.0038793500821699576	0.0013396972297265613	0.10345761735696016	0.024398756342658087	0.02690240850752604	0.019941034083203645
CT>AC	0.2965516756474972	0.049486561887370044	0.007120662575666158	5.294170119691799e-06	0.0012436165610536188	0.0029165901675303235	0.021006041214166445	0.0022440623605031896	0.013835256312309273	0.008212012089073841
CT>AG	0.013412692699231456	0.02850451392851909	0.005321118369484737	0.006373652923360024	0.002650671477987885	0.01734480876270411	0.0398269415857726	0.03800831874851162	0.018125125444776114	0.01427753360507196
CT>GA	0.00445335258571049	5.3969313010338024e-05	0.0002771011873397811	3.0679586079713774e-05	3.0028496435079434e-05	3.687954994575193e-05	0.00038434439874080796	2.5728058070058068e-05	4.000800894715439e-05	3.937619863393138e-05
CT>GC	0.00547729301871982	3.6621752343801717e-06	0.00037383760086527216	3.0625726021753505e-05	2.9449471967382123e-05	3.739716917607438e-05	0.0005064249023160983	2.4962220632573916e-05	4.0525817320471443e-05	0.00015255165626967937
CT>GG	1.6126865580167945e-06	0.0014831931299482486	0.014808251272212514	0.02414184410331858	0.008134826599434972	0.008175992682393938	0.014096743021915069	0.0056160156683390024	0.08047709011518789	0.0210593786276987
CT>TA	0.021481671854661214	0.016635408113415694	0.0010864977100996853	2.3757245460274136e-05	2.2620110831894637e-05	3.097060002460239e-05	0.005191995236332332	0.000552969591323631	0.0010963210408669966	0.00014592321318474433
CT>TC	0.008589354257812633	0.0009513694782703176	0.01549960059316231	0.022823080619666748	0.02465637581983859	0.003350392926309483	0.0066038521009889155	0.004802020776335537	0.01169805630046789	0.23947955106221927
CT>TG	5.306124879496111e-06	3.741539196937538e-06	2.2241307297576897e-05	3.1972572937775115e-05	3.1913468164930235e-05	3.487390281406988e-05	2.34207970200373e-05	2.7894728801811653e-05	3.8373547913010955e-05	4.0015255459024955e-05
GC>AA	0.024952361197131644	0.025565653624275937	0.015592280229604788	0.019263413984365894	0.567088383386863	0.010355912160301059	0.02774422340253026	0.0013862587606155192	0.015481932671537055	0.03877822315636068
GC>AG	0.01950753697103892	0.0025580207753586985	0.046835501547140126	0.004794049715870639	0.007565335259403056	0.06564222321249125	0.01927664009209116	0.058412726348825716	0.026050923568323624	0.021403745324380195
GC>AT	1.7091621750080119e-06	0.00016003412253825505	0.0091785041476746	0.009689596751817794	0.009692415729573549	0.015130541276970291	0.07089584421138721	0.014808240020570376	0.027943078928485444	0.023129408618164746
GC>CA	0.00955993897352403	0.014164567235346138	0.0006107814714368942	2.7355867130154364e-05	2.6174080851433245e-05	3.4354780430021494e-05	0.00238844103825258	2.1129539329081128e-05	0.0021454673419728466	0.0003298731717723058
GC>CG	0.0051901568238915275	8.73140555843932e-05	0.0001259306136290661	3.0691543540797286e-05	2.9371628370427062e-05	3.695278557756865e-05	0.000360259859854466	2.5471175165989736e-05	6.72218514813494e-05	0.0001689414719589877
GC>TA	0.005039249102675883	0.00015987495453510009	0.0013838217351017437	0.006411643551207585	0.004331652066025921	0.008527707543019574	0.03941530841704122	0.0052201996414599884	0.006065651687303299	0.013087056226596871
TA>AT	2.8904482381753025e-06	0.0012502636896907077	0.00031001171401552353	0.0023275583660428405	0.032137608253817146	0.002646577979779181	0.006043243439293704	0.001731761660267921	0.010504210556307837	0.011382728889454082
TA>CG	5.306124879496111e-06	3.741539196937538e-06	2.2241307297576897e-05	3.1972572937775115e-05	3.1913468164930235e-05	3.487390281406988e-05	2.34207970200373e-05	2.7894728801811653e-05	3.8373547913010955e-05	4.0015255459024955e-05
TA>CT	0.0043951802465347	0.01368570245791112	0.008697102128022322	0.009656150602277843	0.014104795496351701	0.004733273357402936	0.016033663211809355	0.011474311694793873	0.02107763693104573	0.009320226367901797
TA>GC	5.306124879496111e-06	3.741539196937538e-06	2.2241307297576897e-05	3.1972572937775115e-05	3.1913468164930235e-05	3.487390281406988e-05	2.34207970200373e-05	2.7894728801811653e-05	3.8373547913010955e-05	4.0015255459024955e-05
TA>GG	0.005549680089223159	0.00012108556507949952	0.0003604318156641284	3.0715537013747964e-05	2.9568710724561244e-05	3.7404732460117884e-05	0.000255113097240951	2.498285998740357e-05	4.112409826653618e-05	0.00016948738103337747
TA>GT	1.823894725447878e-06	1.628037797707934e-06	0.0013378468909903312	0.006496284272433486	0.0053772740884249215	0.01830794452754553	0.00974412456969077	0.0572330919874699	0.011750250080063451	0.021292873897311236
TC>AA	0.030685640669314073	0.06009593253307976	0.011975003085316951	0.7236434930562973	0.019053144544953677	0.01330571001238094	0.10235430988627259	0.056456424254092204	0.01259543168586495	0.02852096945268834
TC>AG	0.005552859928795328	7.797080226925544e-05	0.006990919806796685	0.015587766990594219	0.007942876799743316	0.0017449053905729973	0.008154695876809654	0.0013382646960137334	0.005197246174969763	0.023680915795942496
TC>AT	0.02032703744831757	0.011913109049193642	0.0736884236092059	0.003045910962292693	0.004221695839909799	0.29029762732415554	0.011030168279073455	0.05851727719241232	0.011824123462210748	0.007001746877768154
TC>CA	0.0041580239992814105	6.115410904992568e-05	0.0023850558870708483	0.0008236633582816922	0.00022174393242494262	0.011195702700214553	0.005222817086314677	0.031243594374284384	0.002254653124273318	0.0014669988234732045
TC>CG	5.306124879496111e-06	3.741539196937538e-06	2.2241307297576897e-05	3.1972572937775115e-05	3.1913468164930235e-05	3.487390281406988e-05	2.34207970200373e-05	2.7894728801811653e-05	3.8373547913010955e-05	4.0015255459024955e-05
TC>CT	0.003622813035356799	0.026200654790577028	0.006478833639929706	0.01074462887825551	0.003706209688480592	0.014407556279866722	0.016410255675491977	0.24230332490106662	0.012912005706179855	0.00963484551476524
TC>GA	0.004645863313596692	0.00013673985622696615	0.00036281548293246144	3.0510589160712696e-05	2.9717710153818187e-05	3.611078479821117e-05	0.0007673082285626265	2.509161740590571e-05	0.00032197451050386405	0.0001687369261026106
TC>GG	5.306124879496111e-06	3.741539196937538e-06	2.2241307297576897e-05	3.1972572937775115e-05	3.1913468164930235e-05	3.487390281406988e-05	2.34207970200373e-05	2.7894728801811653e-05	3.8373547913010955e-05	4.0015255459024955e-05
TC>GT	2.890604198198865e-05	0.00041477447633748174	0.017856957267810745	0.0102585376292419	0.02145485801632219	0.02030318481560803	0.031989688264852004	0.02056523179330866	0.025403843501531978	0.02114309118386334
TG>AA	0.013869743001691588	0.0009459645828513668	0.012385642761724354	0.0030650727944911238	0.006111086534126002	0.01778516741255089	0.03284380716574263	0.009779979214032957	0.011551160688470806	0.01594323572665578
TG>AC	2.542493007382518e-06	0.00133852268042374	0.002447506444170554	0.0013318050914316016	0.01967387249388736	0.00854726216656235	0.01223160246115782	0.011950482649984764	0.00930706882821584	0.024577760841914386
TG>AT	0.030241875081122416	0.09149776977561373	0.009444969705212273	0.008232162395195976	0.0038520856578791573	0.01419273318266258	0.05651748383226358	0.04152649727973582	0.03406555637725494	0.022722833402524
TG>CA	0.004683447889694782	0.00022407087247160732	0.007858050377575726	0.009435466704672803	0.015055435632897756	0.042041052132507854	0.02749567709074742	0.0800813846712837	0.008523114587145058	0.04521032262049996
TG>CC	0.005489928916341853	0.00011218964057298497	0.0002015211271680073	3.089342012344787e-05	2.9409285980364074e-05	3.7332518106723e-05	0.0005955312454715056	2.508461989521038e-05	0.0001507877459575724	9.652206915689021e-05
TG>CT	0.025274519094211474	0.016786061070887932	0.006552496346226064	0.0040631802737732415	0.002866923798905887	0.007799143215355563	0.02948157950464297	0.021599596997726983	0.010639515770851631	0.0037091689310857134
TG>GA	0.011554471097380508	0.0010659649050983242	0.00524370093719144	0.005455103013667894	0.007685031749093696	0.020611849830791867	0.016749709016543476	0.010834237355511341	0.023433991605888306	0.02180514205226744
TG>GC	5.305350271385123e-06	3.7415074629620904e-06	2.2239061464119915e-05	3.19572154285197e-05	3.191373120898788e-05	3.4869804212576125e-05	2.3472411790237402e-05	2.7895180793393592e-05	3.837062361469634e-05	3.9999250171263155e-05
TG>GT	0.05207114687803596	0.02923000755816915	0.011485977123288933	0.0008775690337889111	0.01978053532671522	0.014415819128904843	0.02773092363281779	0.0086202360304884	0.015012822782150144	0.03819025192986146
TT>AA	0.022807612694979277	0.016142447102859236	0.018841364941923358	0.009504411202598227	0.01669359148274111	0.005580894630196207	0.04208343563609498	0.009494899213415698	0.01940230041390029	0.07737413829420603
TT>AC	0.010655403236764015	2.7759012718108213e-05	0.003491220148376186	0.0006730798612150582	0.0008194851588535812	0.009567162824876654	0.004583769422118351	0.0307206882699586	0.0030738375372718	0.0021118921084868703
TT>AG	0.0050834802109562816	0.00013567337236280785	0.002396310251199907	0.0008635904158361996	2.3029611597848997e-05	0.006952225589236036	0.003350797206188254	0.03173824723377493	0.0030332249478303196	0.0007979983861316242
TT>CA	0.00480198415622604	6.117465476556117e-05	0.0021663583415926268	0.0011672475283803863	2.3656739102762003e-05	0.005467994912906988	0.003885125696944023	0.029192911659306306	0.002676870878046653	0.0013637390607050292
TT>CC	0.0050236212110496585	8.69579992907532e-05	0.0002003169476097355	3.071542770612723e-05	2.9600949978885183e-05	3.6958703776690524e-05	0.00041460349363561024	2.548338669498662e-05	0.00014222074125676441	4.072212600306102e-05
TT>CG	5.305350271385123e-06	3.7415074629620904e-06	2.2239061464119915e-05	3.19572154285197e-05	3.191373120898788e-05	3.4869804212576125e-05	2.3472411790237402e-05	2.7895180793393592e-05	3.837062361469634e-05	3.9999250171263155e-05
TT>GA	5.305350271385123e-06	3.7415074629620904e-06	2.2239061464119915e-05	3.19572154285197e-05	3.191373120898788e-05	3.4869804212576125e-05	2.3472411790237402e-05	2.7895180793393592e-05	3.837062361469634e-05	3.9999250171263155e-05
TT>GC	5.305350271385123e-06	3.7415074629620904e-06	2.2239061464119915e-05	3.19572154285197e-05	3.191373120898788e-05	3.4869804212576125e-05	2.3472411790237402e-05	2.7895180793393592e-05	3.837062361469634e-05	3.9999250171263155e-05
TT>GG	5.305350271385123e-06	3.7415074629620904e-06	2.2239061464119915e-05	3.19572154285197e-05	3.191373120898788e-05	3.4869804212576125e-05	2.3472411790237402e-05	2.7895180793393592e-05	3.837062361469634e-05	3.9999250171263155e-05
