MutationType	DBS78A	DBS78B	DBS78C	DBS78D	DBS78E
AC>CA	0.004794782442496839	0.015373248555892331	0.017354826357330353	0.0027571259480813825	0.009834029330278896
AC>CG	2.505022075922625e-06	6.0916690995327374e-06	3.329119545924186e-05	2.9965592175358325e-05	3.555575627615326e-05
AC>CT	0.0005642544872557842	0.0012820510677228824	0.00884605048481717	0.00928769439801258	0.01279860103871897
AC>GA	2.505022075922625e-06	6.0916690995327374e-06	3.329119545924186e-05	2.9965592175358325e-05	3.555575627615326e-05
AC>GG	2.505022075922625e-06	6.0916690995327374e-06	3.329119545924186e-05	2.9965592175358325e-05	3.555575627615326e-05
AC>GT	0.00018914404694680086	0.0018258433622704829	0.01247957560091436	0.007395060390778667	0.012594318610588288
AC>TA	0.00015525724870923074	0.0015199976986015706	0.010440947464763326	0.011364757886045984	0.014699832888170476
AC>TG	0.006544018897999386	0.002014431158840111	0.004621416029384023	0.006371028348910386	0.01744735576148173
AC>TT	0.005284186974217561	2.3128162959409336e-05	3.074225177442713e-05	0.00015689208027424683	3.2294686354816805e-05
AT>CA	2.505022075922625e-06	6.0916690995327374e-06	3.329119545924186e-05	2.9965592175358325e-05	3.555575627615326e-05
AT>CC	0.00010442057035082831	0.0006244755164360072	0.00739456759078152	0.0046020601127264625	0.02017466906597747
AT>CG	2.505022075922625e-06	6.0916690995327374e-06	3.329119545924186e-05	2.9965592175358325e-05	3.555575627615326e-05
AT>GA	0.015660687928317145	9.618769788172443e-05	2.6594412738631944e-05	0.0004554819861539272	2.7833862225179475e-05
AT>GC	0.0050372216224673135	2.3463496656290772e-05	3.068740483286092e-05	0.00012605427470816722	3.2796204932310504e-05
AT>TA	0.00031409875074162486	0.015798450608656367	0.010144034253903271	0.010070008028575026	0.043789423020206046
CC>AA	0.12655060138605223	0.04526112343699801	0.027096663042536814	0.11528190341962415	0.05146012207083172
CC>AG	0.015224523384416102	0.026530820704613517	0.019281175241614833	0.025735122792006137	0.01563505165807399
CC>AT	0.03380183637274967	0.1013631067981305	0.00784804146743328	0.01564697491001	0.027006108298615886
CC>GA	0.011031508291927707	2.2264161510445747e-05	2.8312100316725263e-05	0.00038910276875185444	2.97161402590973e-05
CC>GG	0.005437415058455031	4.4647051104362846e-06	3.079788893501245e-05	8.632442291627739e-05	3.2183682478716946e-05
CC>GT	0.0042488779745059446	0.01420240686128409	2.75671943791167e-05	0.00010715429125582432	0.00027524594465830885
CC>TA	0.012980881422227525	0.026421759616818433	2.2286450343926846e-05	6.429955662497378e-05	0.00021252134718565684
CC>TG	0.005392425884342344	4.1583195931949035e-05	3.0303886223919107e-05	0.00017082171650599775	3.230589946042528e-05
CC>TT	0.02301747136328366	0.004349071842821504	0.010053347548954393	0.05069184630960706	0.024410314707251645
CG>AT	0.010999851172656179	4.0973388305189925e-05	2.8079281219106633e-05	0.00046383408520796367	2.955567412527671e-05
CG>GC	2.505022075922625e-06	6.0916690995327374e-06	3.329119545924186e-05	2.9965592175358325e-05	3.555575627615326e-05
CG>GT	2.505022075922625e-06	6.0916690995327374e-06	3.329119545924186e-05	2.9965592175358325e-05	3.555575627615326e-05
CG>TA	2.505022075922625e-06	6.0916690995327374e-06	3.329119545924186e-05	2.9965592175358325e-05	3.555575627615326e-05
CG>TC	2.505022075922625e-06	6.0916690995327374e-06	3.329119545924186e-05	2.9965592175358325e-05	3.555575627615326e-05
CG>TT	0.013581765832673226	0.026355424982463013	2.1414228390312927e-05	0.00030196003621895783	0.0003054309133898414
CT>AA	0.0879195457659398	0.2658416892242894	0.00043546984769393134	0.009061185649395398	0.008208819282473063
CT>AC	0.16985165917492623	0.05387190162932143	3.7471095236593186e-06	5.60739612282497e-06	0.0006634248012495178
CT>AG	0.012618215381256731	0.02892695478158394	0.015798663235841847	0.03538681264786774	0.012979166642565496
CT>GA	0.004423590968519875	2.3182509672778905e-05	3.118836607427511e-05	2.7094257557109814e-05	3.2573689732089403e-05
CT>GC	0.005625020800533492	4.450445895827216e-06	3.0161539534674375e-05	0.0001709250304111265	3.197751378365865e-05
CT>GG	0.00023011714608915838	0.0018071371869040243	0.025596099485240983	0.01719516767630889	0.02172905456571172
CT>TA	0.022440796667439145	0.01614680693338208	2.1220322573753946e-05	1.7781043939919528e-05	2.3081548879417823e-05
CT>TC	0.011193529900429528	0.0021100753454665337	0.04270817791366141	0.029623694078605673	0.05975318621011695
CT>TG	2.505022075922625e-06	6.0916690995327374e-06	3.329119545924186e-05	2.9965592175358325e-05	3.555575627615326e-05
GC>AA	0.028433632049745937	0.0345927507046143	0.06594697662277409	0.012319722765535153	0.2604865834239331
GC>AG	0.02806419232516504	0.0013383392118405581	0.016857272046840847	0.0499489371460254	0.019078013051574846
GC>AT	0.0004983263061783302	0.004120217616161299	0.019964824948638125	0.01921868963142259	0.030282739397876526
GC>CA	0.00908969282656102	0.013930892614977495	2.4858900753770286e-05	0.0003006427844911741	0.00012150972237122915
GC>CG	0.0048206507159093805	7.88290917335388e-05	3.0904358400221096e-05	0.00016575294397398467	3.260776314618852e-05
GC>TA	0.005652794569396474	0.0016236569838155113	0.008099937174040405	0.011085566771907711	0.014507169417450996
TA>AT	6.483782999656477e-05	0.0017298411224459897	0.007033801536606461	0.0054680125849017516	0.01736210732853351
TA>CG	2.505022075922625e-06	6.0916690995327374e-06	3.329119545924186e-05	2.9965592175358325e-05	3.555575627615326e-05
TA>CT	0.004646229507675059	0.014405232178402656	0.008201393278583283	0.0061188932747887744	0.01640404159873526
TA>GC	2.505022075922625e-06	6.0916690995327374e-06	3.329119545924186e-05	2.9965592175358325e-05	3.555575627615326e-05
TA>GG	0.005575237904886592	4.5378432827192225e-06	3.064843001993722e-05	2.574550018834998e-05	3.1995864287637235e-05
TA>GT	0.00048775827904449717	0.0007100100378006058	0.01738252438552081	0.03239008682315138	0.010643412880651813
TC>AA	0.03927020562950247	0.07414084807962044	0.44812991633618365	0.04088446724808964	0.04381462258660387
TC>AG	0.006003267042955045	0.0006237447741400137	0.01967922373745978	0.005527408107521463	0.0077024696564173215
TC>AT	0.03449960246288469	0.014890286122375116	0.018426241811541372	0.15291128232239715	0.01886307063208683
TC>CA	0.004365692917946476	0.00014144608293886307	0.0053115676660206645	0.021856378175509974	0.005606264059778141
TC>CG	2.505022075922625e-06	6.0916690995327374e-06	3.329119545924186e-05	2.9965592175358325e-05	3.555575627615326e-05
TC>CT	0.004519592146696922	0.01680153969999479	0.038651541225064805	0.0824929430494648	0.027109582370537736
TC>GA	0.005342063263324235	2.3242834668195656e-05	3.058074506498087e-05	2.6698836077230226e-05	3.240150586407253e-05
TC>GG	2.505022075922625e-06	6.0916690995327374e-06	3.329119545924186e-05	2.9965592175358325e-05	3.555575627615326e-05
TC>GT	0.0001783343979728713	0.0020556819032069382	0.018798068155968278	0.014390270574662623	0.03370924888543733
TG>AA	0.015887752546927914	0.0016704700304870162	0.0073652089070913	0.011008041249262988	0.012454394611490595
TG>AC	0.001012853370450375	0.0007493925774427623	0.005715159061653594	0.0050752814107158884	0.021349557510114893
TG>AT	0.026954618920636948	0.10530832405045203	0.008789833648489492	0.02842042857142138	0.007615444632630081
TG>CA	0.006130142225770197	0.003029634539967878	0.0208561904893984	0.053061598587734696	0.023489941326156016
TG>CC	0.005501624731475374	2.3045518845776768e-05	3.0207255424556933e-05	0.00028229752322886273	3.2111710797835255e-05
TG>CT	0.03091384417041354	0.0026716804248793358	0.006945616670507065	0.007615227531470623	0.008071652836248973
TG>GA	0.006462284641510229	0.0017051148216714297	0.007085273551028877	0.007222005496960416	0.010164676009148934
TG>GC	2.505022075922625e-06	6.0916690995327374e-06	3.329119545924186e-05	2.9965592175358325e-05	3.555575627615326e-05
TG>GT	0.056155086510261756	0.030517757250206227	0.004635188893827262	0.006546210382715629	0.016382747683278395
TT>AA	0.027956024028085266	0.02036201352732939	0.011715809672948864	0.008338685421068907	0.027227162640689504
TT>AC	0.01059572494966929	0.0003170848557224559	0.004943480326523968	0.02335385711180834	0.00430515404556104
TT>AG	0.005486511878835003	0.00015831151658609599	0.0038991091220532325	0.020929883517193274	0.004394889619970854
TT>CA	0.005226308685748862	0.00021190900374740807	0.004293189641629169	0.019146443558308874	0.0037358262220971027
TT>CC	0.004939809860831304	4.1937845912229934e-05	3.075015308240836e-05	0.0002854076980042919	3.2068662599158414e-05
TT>CG	2.505022075922625e-06	6.0916690995327374e-06	3.329119545924186e-05	2.9965592175358325e-05	3.555575627615326e-05
TT>GA	2.505022075922625e-06	6.0916690995327374e-06	3.329119545924186e-05	2.9965592175358325e-05	3.555575627615326e-05
TT>GC	2.5050220560274283e-06	6.091669182524129e-06	3.3291195168203556e-05	2.996559220036943e-05	3.555575628524821e-05
TT>GG	2.5050220560274283e-06	6.091669182524129e-06	3.3291195168203556e-05	2.996559220036943e-05	3.555575628524821e-05
