MutationType	ID83A	ID83B	ID83C	ID83D	ID83E	ID83F	ID83G
1:Del:C:0	0.09006046567577869	0.053444755704449565	0.02147429477177443	0.043077210271783316	0.03178747533233036	0.08994854920078069	0.051776207412515304
1:Del:C:1	0.029473409753296435	0.07531509312337448	0.013523727049568777	0.020466194209133304	0.04209815472637507	0.005081549861620261	0.01624894773529931
1:Del:C:2	0.0020653474343944466	0.019045412234173612	0.02630871347784247	0.0075081661334912295	0.014823891471693287	0.0014554259635625754	0.0070673562599642996
1:Del:C:3	0.005281136998550124	0.004368201044256139	0.0028814025608756033	0.005912344180521814	0.0042962950811918435	0.00019042324538574463	0.0032382054629796287
1:Del:C:4	0.0007596626547248372	0.008453937423961158	0.002675634752571412	0.005226699343244992	0.004329207206384922	0.006975643251824621	0.005672672480232705
1:Del:C:5	0.0002453613016766987	0.004161584209343943	0.009313836585704394	0.005243852136209157	0.008836822931476309	0.00850881226888868	0.007569764811305948
1:Del:T:0	0.06016383699651385	0.17351124517310382	0.016227762847627395	0.01050999470683621	0.014560044780060722	0.009881630423916335	0.01685160302794543
1:Del:T:1	0.04273902321051665	0.08090343433074082	0.010786640916314809	0.0050641842209445545	0.009578338059499173	0.005195045048314455	0.011872585824498003
1:Del:T:2	0.036785951311478014	0.020238423603327078	0.012301524508444003	0.024719464256951085	0.01965818566087421	0.002101231643201018	0.01928463035597318
1:Del:T:3	0.005213231307404609	0.004709363407507352	0.021958204316151184	0.04389371175719191	0.010813927902152685	0.02414562600882107	0.016374737234860392
1:Del:T:4	2.224101825577307e-05	0.016993016752335312	0.028516068482392642	0.014232111717679458	0.014964435763694724	0.016305999088183754	0.009477547576489798
1:Del:T:5	0.0008603191522225018	0.02077302852720841	0.21790371315553783	0.019938563148865215	0.04001850401983518	0.0021658089072033706	0.018695527097191467
1:Ins:C:0	0.0050770934447157854	0.011221158454812325	0.02024064300286753	0.028421555545443625	0.042542176938068534	0.037247306292800035	0.05149420017409625
1:Ins:C:1	0.0062009178417543435	0.009790020350897918	0.007085013607616517	0.001537935125766552	0.015557826370310864	0.012390006384094363	0.014029403732743927
1:Ins:C:2	0.004017917899449195	0.0004193810533287845	0.005295654194008997	0.0023894979768347467	0.00356257484183633	0.0019982403001990432	0.007959617597372102
1:Ins:C:3	0.00025869377593730464	0.0034093756937145516	0.013952003546487077	0.001364229847933167	0.00824485483412669	0.0002783876391573248	0.002569683105991203
1:Ins:C:4	0.0023370659015700657	0.0007036606421518776	0.0028114653267621746	0.0037764316518848996	0.003572357847308023	0.0015907392703205403	0.0046065844529152855
1:Ins:C:5	0.00041077826301966436	0.014164154839809626	0.008357768473060084	0.008262693446329496	0.010436580337907344	0.00213915287888506	0.006543806137463113
1:Ins:T:0	0.011912238253754238	0.005458296250881034	0.0031497003975180203	0.017921887636353943	0.010867085467973112	0.21951167896389961	0.026096492600275384
1:Ins:T:1	0.04901727679503564	0.030874275890528224	0.008422023014051093	0.025389526791959726	0.011118242594115344	0.03322557283643583	0.04527856367921231
1:Ins:T:2	0.01551420502320525	0.00880233629689613	0.003288478665591796	0.007355283152458849	0.00818055511004431	0.01463417684794944	0.00798933084601682
1:Ins:T:3	0.0073427443578912574	0.01449787542944307	0.01367181829684732	0.0036735543559511543	0.01701373493368912	0.00847389760306612	0.010379914853246248
1:Ins:T:4	0.00014121665452305977	0.0006649464590011389	0.006579858338442221	0.004716601029688014	0.006155420085698182	0.001997617270543515	0.004002742809224476
1:Ins:T:5	0.012674020530048437	0.09931801322848514	0.11845346524789875	0.03192159459466723	0.19751568886451423	0.006691521802276413	0.03590365316120994
2:Del:R:0	0.024761622787918894	0.020344790448493483	0.011148939278111811	0.023676493307605236	0.023064657759689453	0.02101702535322083	0.025358879983890584
2:Del:R:1	0.022162533364771662	0.012339256466059396	0.027959813088496616	0.16383046405266213	0.03354604687308267	0.01168430625534569	0.03204497069946683
2:Del:R:2	0.0022713599894670722	0.0028381108831697687	0.012040289031057085	0.015457185980058838	0.02431458537241717	0.002735233769622809	0.015158442412822559
2:Del:R:3	0.005976302557806008	0.001948157359050461	0.001445214361704359	0.0029455698758231817	0.0024323859227172663	0.0036320509470255404	0.006979053576742107
2:Del:R:4	0.00015034001594725234	0.002024795535306083	0.0018361344548824831	0.0009153917735770323	0.00048282339445295365	0.0007143427045296847	0.0008324055301841326
2:Del:R:5	8.166011781094114e-05	0.00018164819911829612	0.005639240365794	0.0037435061312540087	0.00219660447140031	0.0002618220411776662	0.0012782042534330883
3:Del:R:0	0.009457995911858745	0.011762602999745297	0.0016579576798240224	0.005794949038815957	0.003381055352530886	0.01777478281010758	0.0132583618638796
3:Del:R:1	0.008060916414438974	0.003545762675434112	0.05472394324819788	0.043742887527690184	0.040688082198202406	0.005960918976675274	0.027493370827672267
3:Del:R:2	0.0008004905148486015	0.0013249774861843378	0.003375235696976855	0.012397061975987356	0.0035921879122549605	0.013564136591916664	0.006001787993058958
3:Del:R:3	0.0003136542184878044	0.0008106719817035701	0.0014846104395895043	0.005186826170965415	0.005913894630248215	0.005448309909485598	0.005784630403900124
3:Del:R:4	0.00015394770031108786	0.0004830282959399046	0.0010321311589224535	0.0018696268577054597	0.0019245722597589143	0.0005968626949764655	0.0017869649344392257
3:Del:R:5	0.0017090756269460172	0.0007533213091919322	0.0005328876898334456	0.0012702357307243517	0.0006206976745050951	0.0005727916678212353	0.000855862716998459
4:Del:R:0	0.012173825327072335	0.0018561857406714745	0.003966972430636586	0.002585692811131395	0.006097586724820463	0.0007826710881607468	0.0043438927586404216
4:Del:R:1	0.008094208135045093	0.002095885349483968	0.0062145504094606	0.009299314721817064	0.008851797882076226	0.011807089371784797	0.024649973251306002
4:Del:R:2	0.0004796069285273852	0.0005220955634873947	0.003606477576153062	0.012089063569963301	0.003280707096965685	0.002721480993464418	0.004885382720401594
4:Del:R:3	0.00177233511680571	0.0003653087500772756	4.997610931391616e-05	0.0009033727667494862	0.0010531191863474732	0.0031688743060033176	0.002333368617569924
4:Del:R:4	5.662291499852757e-07	1.3075734225531654e-06	2.1989337444949796e-06	3.1444118812373743e-06	4.0538358763342334e-06	5.267435813038901e-06	4.3866947422088746e-06
4:Del:R:5	5.662291499852757e-07	1.3075734225531654e-06	2.1989337444949796e-06	3.1444118812373743e-06	4.0538358763342334e-06	5.267435813038901e-06	4.3866947422088746e-06
5:Del:R:0	0.06842092952691019	0.012230034170231035	0.017925781910409704	0.01738628993900818	0.012049038969998947	0.008662252849045728	0.01117322528317949
5:Del:R:1	0.0054141087698076264	0.006254847775425037	0.0029609244999540996	0.02345893554980453	0.005750389301495531	0.01916123998244135	0.010386916164499587
5:Del:R:2	0.003814702212512513	0.0007390545197336351	0.0001782839469094455	0.0029240792583989507	0.0016418380738390682	0.0028359275324649504	0.00298757999480209
5:Del:R:3	0.0026096060293825827	0.0005908938654892637	0.00043465958189389033	0.0029363731546231133	0.0006287753945877838	0.0012730052606386266	0.0022910943030638718
5:Del:R:4	0.0003734343797117784	8.666187162116979e-05	0.00013619397042610615	0.0005893157773422431	0.00022040037915644462	0.00031990242602830676	0.0007791607296186243
5:Del:R:5	5.662291499852757e-07	1.3075734225531654e-06	2.1989337444949796e-06	3.1444118812373743e-06	4.0538358763342334e-06	5.267435813038901e-06	4.3866947422088746e-06
2:Ins:R:0	0.003057049634488749	0.0022260214726840745	0.011928317612784624	0.009573655282549538	0.018213077654033006	0.05973831495422331	0.05445791156316886
2:Ins:R:1	0.005818269181951905	0.00944671286749326	0.004516873123099088	0.011143828666528046	0.009377428956642859	0.024232741196179682	0.013078260515737928
2:Ins:R:2	0.007978982923015394	0.005867666952546848	0.002656903373958057	0.0012938178217504425	0.0018819818552420831	0.001423955883002641	0.0021421599773129964
2:Ins:R:3	0.005578994404631317	0.001036924837528308	0.0027123758366860073	0.003038807006914119	0.0021152165849831804	0.002760562104236648	0.0051409599141006975
2:Ins:R:4	0.00025423991885892505	0.002738785622145823	0.002190413324279148	0.0015442640898447957	0.0016403222749887191	0.0033725408571579863	0.00231646038747801
2:Ins:R:5	0.007818762621883621	0.004273567074499027	0.004746062040205494	0.003248457056063607	0.00403997085654904	0.00118780223836481	0.003620008183523211
3:Ins:R:0	0.005106352266829078	0.0015388371046885752	0.00284545376143228	0.004655321420453262	0.008100277706778342	0.004743543567970505	0.01228019193827663
3:Ins:R:1	0.010753656004055187	0.000905991637611625	0.0017101565412217213	0.004986399231323589	0.0012052382933884687	0.0008820583737000031	0.0019577787833152628
3:Ins:R:2	0.00017067760920185025	0.0023956876347680156	0.0033388974660462623	0.0012615558663952341	0.004037320562913607	0.00030922138414057	0.0016783839305140446
3:Ins:R:3	5.662291499852757e-07	1.3075734225531654e-06	2.1989337444949796e-06	3.1444118812373743e-06	4.0538358763342334e-06	5.267435813038901e-06	4.3866947422088746e-06
3:Ins:R:4	0.002112531966675988	0.00039096350745593256	0.00021625434814163236	0.0001740634499080329	0.0002419450953612312	8.33486951162854e-05	0.0008871170782655469
3:Ins:R:5	0.00013663233035157596	0.00047683516860184125	0.002498161025558954	0.0008307532562577136	0.0017106628320042749	0.00148644619000037	0.002823683557218062
4:Ins:R:0	0.005416823146048557	0.00156829840454904	0.00557584343644951	0.006198677191458479	0.0038872401504096744	0.009432850063582344	0.011304188305661355
4:Ins:R:1	0.00495583621619204	0.008401047782193735	0.013902686511834333	0.004068879691210938	0.003576147757943264	0.0028086678622933326	0.004922088861222704
4:Ins:R:2	0.000394979122074357	0.0006264802615212873	0.0004186729705546455	0.0005512468525267877	0.0014709081464494389	0.000139348795782297	0.001203646148903772
4:Ins:R:3	0.0015204108838341314	0.00028007654008003867	0.0019943475933845533	0.0007257536548687505	0.001967691951780566	0.00047518632643090086	0.0024560141261222414
4:Ins:R:4	0.006299842255385784	0.00041636183635094024	0.002239735324803078	0.0019209040516444276	0.0007548082323015137	0.0004631777609099008	0.0012157232650080018
4:Ins:R:5	0.010410268987441214	0.001637460772000212	0.0031616067004830127	0.003692343223517884	0.010197240355141232	0.00817038544517053	0.01069435670231357
5:Ins:R:0	0.03724993353055098	0.017111119101083146	0.0009219731214801641	0.0029174485897625856	0.008972431977245492	0.011336381179322359	0.027136353804479967
5:Ins:R:1	0.01184125416117638	0.01121571799896202	0.019468298536470315	0.006934211203427196	0.011362253830728477	0.028605026414436595	0.023166915012345156
5:Ins:R:2	0.004025300973369852	0.0007993706297953385	0.00022901747464029398	0.001013937430961942	0.0012186638131401217	0.00483650297483635	0.003094060214139063
5:Ins:R:3	0.0005588346590479621	0.0004942100665098526	0.0012983760826679408	0.0011156007907313992	0.002814724055668165	0.002988273826997059	0.004142232695422195
5:Ins:R:4	0.009348733162269767	0.0010357592504549552	0.0012520120268558798	0.001291654385160963	0.0018415506449520613	0.0002813753936496255	0.0028414483237580866
5:Ins:R:5	0.004055517520339924	0.0006511945458629854	0.0008302268215547492	0.0009705337699423034	0.0008564885699158964	0.0032668166350612892	0.002422168745591726
2:Del:M:1	0.010992140614544042	0.011418626047741895	0.021652086386748124	0.09923918857704848	0.034339336636536474	0.09651470470110098	0.05003219574117224
3:Del:M:1	0.018166337845994463	0.00703576850367929	0.00975337236516836	0.002952250052936982	0.004023692613978618	0.001194708880223163	0.00693528113578834
3:Del:M:2	0.008286440007731813	0.00266236429514187	0.02476726504353209	0.012360679163519564	0.025470844181525648	0.00874520667782761	0.04071400378746759
4:Del:M:1	0.006426552021696707	0.01011036804974907	0.005714526991222328	0.004987072065970466	0.012686406367914174	0.0033348315856731856	0.011700249610147963
4:Del:M:2	0.002281015267499993	0.002122524048390986	0.0027210305940382896	0.01706739445896602	0.003073722650074444	0.010594268360105304	0.005653565775886839
4:Del:M:3	0.006164006807608473	0.0017761109647460316	0.00560043522379658	0.020564336595843002	0.026232660207959987	0.007447375811630241	0.023009272371629662
5:Del:M:1	0.08231448521897619	0.031551557808113556	0.02578422379553672	0.02501228171499804	0.03269532261703912	0.002153172718281553	0.01648453284900185
5:Del:M:2	0.07527683301296065	0.043605767755966696	0.03647249224992408	0.011900134429632097	0.007058772454866116	0.00047776762663367836	0.007440626231839218
5:Del:M:3	0.03815714982286181	0.021125327872728618	0.003165692778380915	0.015610856468325272	0.004813166864400316	0.0018486001700438591	0.007939801816328012
5:Del:M:4	0.016234508698551052	0.004742594874765302	0.012472271546888151	0.013674728286922289	0.0048820100199701245	0.0057904310863633145	0.015607292780819897
5:Del:M:5	0.023207563407468684	0.02396959333160112	0.007705513169625391	0.007940480522217328	0.01096064131899638	0.04202429346555931	0.017836210945473708
