MutationType	ID83A	ID83B	ID83C	ID83D	ID83E	ID83F	ID83G
1:Del:C:0	1.91E-03	2.31E-03	1.76E-03	2.50E-03	2.24E-03	3.05E-03	3.11E-03
1:Del:C:1	1.34E-03	2.58E-03	1.44E-03	1.48E-03	2.47E-03	7.13E-04	1.70E-03
1:Del:C:2	2.88E-04	1.19E-03	1.51E-03	1.06E-03	1.43E-03	4.42E-04	1.03E-03
1:Del:C:3	4.15E-04	4.45E-04	3.77E-04	5.25E-04	5.16E-04	7.30E-05	4.75E-04
1:Del:C:4	2.43E-04	6.29E-04	4.46E-04	5.65E-04	6.41E-04	6.43E-04	7.64E-04
1:Del:C:5	1.11E-04	5.78E-04	7.79E-04	6.55E-04	8.27E-04	8.32E-04	8.92E-04
1:Del:T:0	2.84E-03	4.65E-03	1.89E-03	1.54E-03	2.23E-03	1.17E-03	2.18E-03
1:Del:T:1	2.27E-03	3.34E-03	1.28E-03	8.15E-04	1.51E-03	7.42E-04	2.13E-03
1:Del:T:2	1.53E-03	1.32E-03	1.21E-03	1.88E-03	1.80E-03	6.03E-04	2.23E-03
1:Del:T:3	5.22E-04	7.01E-04	1.53E-03	2.24E-03	1.40E-03	2.03E-03	1.82E-03
1:Del:T:4	1.66E-05	1.35E-03	1.87E-03	1.55E-03	1.88E-03	1.52E-03	1.46E-03
1:Del:T:5	4.96E-04	2.11E-03	5.18E-03	2.25E-03	3.87E-03	7.99E-04	2.73E-03
1:Ins:C:0	4.37E-04	1.06E-03	1.83E-03	2.81E-03	3.63E-03	2.74E-03	4.55E-03
1:Ins:C:1	6.32E-04	9.85E-04	7.32E-04	4.07E-04	1.37E-03	1.16E-03	1.68E-03
1:Ins:C:2	3.02E-04	1.16E-04	5.20E-04	3.80E-04	5.02E-04	4.22E-04	7.92E-04
1:Ins:C:3	2.28E-04	4.84E-04	8.64E-04	3.63E-04	7.99E-04	9.19E-05	5.43E-04
1:Ins:C:4	2.68E-04	2.44E-04	3.38E-04	4.52E-04	4.31E-04	3.28E-04	5.55E-04
1:Ins:C:5	2.28E-04	1.04E-03	8.58E-04	7.77E-04	1.08E-03	3.72E-04	1.06E-03
1:Ins:T:0	8.19E-04	8.38E-04	7.25E-04	2.14E-03	1.90E-03	4.86E-03	2.91E-03
1:Ins:T:1	1.86E-03	2.11E-03	1.23E-03	2.44E-03	1.52E-03	2.06E-03	4.18E-03
1:Ins:T:2	7.65E-04	8.44E-04	5.95E-04	8.07E-04	1.12E-03	1.20E-03	1.13E-03
1:Ins:T:3	5.82E-04	9.75E-04	1.24E-03	6.89E-04	1.63E-03	1.02E-03	1.31E-03
1:Ins:T:4	7.45E-05	2.32E-04	6.68E-04	6.22E-04	6.23E-04	4.17E-04	6.05E-04
1:Ins:T:5	9.07E-04	4.49E-03	5.14E-03	2.85E-03	6.30E-03	1.80E-03	3.80E-03
2:Del:R:0	1.31E-03	1.37E-03	1.15E-03	1.72E-03	1.74E-03	1.62E-03	2.22E-03
2:Del:R:1	1.32E-03	1.15E-03	2.71E-03	4.81E-03	3.37E-03	1.87E-03	3.00E-03
2:Del:R:2	3.12E-04	8.69E-04	1.16E-03	1.60E-03	1.90E-03	7.94E-04	1.80E-03
2:Del:R:3	3.42E-04	3.38E-04	2.97E-04	4.52E-04	4.03E-04	4.37E-04	7.82E-04
2:Del:R:4	6.03E-05	1.89E-04	2.24E-04	1.56E-04	1.24E-04	1.26E-04	1.69E-04
2:Del:R:5	7.54E-05	9.00E-05	4.65E-04	3.53E-04	3.26E-04	1.03E-04	2.64E-04
3:Del:R:0	6.27E-04	8.24E-04	3.44E-04	7.36E-04	6.13E-04	1.15E-03	1.48E-03
3:Del:R:1	6.76E-04	6.54E-04	2.98E-03	3.05E-03	2.96E-03	1.07E-03	2.84E-03
3:Del:R:2	3.11E-04	4.77E-04	5.01E-04	9.50E-04	5.03E-04	9.13E-04	8.03E-04
3:Del:R:3	1.42E-04	3.11E-04	3.60E-04	5.78E-04	6.77E-04	7.07E-04	6.73E-04
3:Del:R:4	7.07E-05	1.08E-04	1.76E-04	2.80E-04	2.56E-04	1.76E-04	3.15E-04
3:Del:R:5	1.46E-04	1.29E-04	1.08E-04	1.80E-04	1.25E-04	1.15E-04	1.95E-04
4:Del:R:0	5.48E-04	4.56E-04	4.22E-04	4.09E-04	6.38E-04	2.07E-04	5.55E-04
4:Del:R:1	6.40E-04	5.23E-04	8.48E-04	1.01E-03	1.08E-03	1.16E-03	1.86E-03
4:Del:R:2	2.43E-04	2.05E-04	5.08E-04	8.29E-04	5.22E-04	4.40E-04	6.72E-04
4:Del:R:3	1.46E-04	7.77E-05	2.88E-05	1.86E-04	1.73E-04	3.06E-04	3.09E-04
4:Del:R:4	4.31E-08	7.39E-08	6.31E-08	7.90E-08	9.92E-08	7.98E-08	1.15E-07
4:Del:R:5	4.31E-08	7.39E-08	6.31E-08	7.90E-08	9.92E-08	7.98E-08	1.15E-07
5:Del:R:0	2.08E-03	1.27E-03	1.56E-03	1.83E-03	1.34E-03	1.28E-03	1.58E-03
5:Del:R:1	3.82E-04	6.42E-04	7.12E-04	1.61E-03	8.48E-04	1.38E-03	1.27E-03
5:Del:R:2	3.13E-04	1.55E-04	6.99E-05	3.44E-04	3.03E-04	3.87E-04	4.16E-04
5:Del:R:3	2.34E-04	1.28E-04	1.24E-04	2.92E-04	1.64E-04	2.11E-04	3.22E-04
5:Del:R:4	7.08E-05	4.90E-05	5.18E-05	1.28E-04	7.19E-05	8.19E-05	1.46E-04
5:Del:R:5	4.31E-08	7.39E-08	6.31E-08	7.90E-08	9.92E-08	7.98E-08	1.15E-07
2:Ins:R:0	4.29E-04	3.11E-04	1.48E-03	1.41E-03	2.67E-03	3.47E-03	4.78E-03
2:Ins:R:1	6.70E-04	8.11E-04	6.32E-04	1.20E-03	1.33E-03	1.57E-03	1.51E-03
2:Ins:R:2	4.20E-04	4.45E-04	2.90E-04	2.47E-04	3.28E-04	2.30E-04	3.87E-04
2:Ins:R:3	3.22E-04	3.06E-04	3.62E-04	4.12E-04	3.74E-04	4.52E-04	6.02E-04
2:Ins:R:4	1.04E-04	3.18E-04	2.93E-04	2.24E-04	3.02E-04	3.49E-04	3.31E-04
2:Ins:R:5	4.70E-04	4.73E-04	4.99E-04	4.85E-04	5.60E-04	2.59E-04	5.84E-04
3:Ins:R:0	4.60E-04	3.68E-04	4.97E-04	6.81E-04	9.52E-04	6.93E-04	1.10E-03
3:Ins:R:1	4.85E-04	2.11E-04	2.88E-04	4.88E-04	2.15E-04	2.11E-04	3.43E-04
3:Ins:R:2	9.80E-05	2.94E-04	3.51E-04	2.39E-04	4.32E-04	1.16E-04	2.93E-04
3:Ins:R:3	4.31E-08	7.39E-08	6.31E-08	7.90E-08	9.92E-08	7.98E-08	1.15E-07
3:Ins:R:4	1.57E-04	8.58E-05	9.64E-05	5.97E-05	1.02E-04	5.93E-05	1.65E-04
3:Ins:R:5	4.93E-05	1.11E-04	2.87E-04	1.68E-04	2.77E-04	2.50E-04	3.41E-04
4:Ins:R:0	4.05E-04	3.87E-04	7.35E-04	7.52E-04	6.74E-04	1.04E-03	1.23E-03
4:Ins:R:1	3.87E-04	5.99E-04	9.43E-04	6.01E-04	5.11E-04	4.19E-04	7.35E-04
4:Ins:R:2	1.06E-04	1.11E-04	1.02E-04	1.16E-04	2.19E-04	6.14E-05	2.16E-04
4:Ins:R:3	1.37E-04	9.50E-05	2.82E-04	1.66E-04	2.73E-04	1.46E-04	3.47E-04
4:Ins:R:4	3.13E-04	1.21E-04	2.47E-04	2.60E-04	1.83E-04	1.29E-04	2.51E-04
4:Ins:R:5	5.98E-04	3.61E-04	5.45E-04	7.25E-04	1.23E-03	1.05E-03	1.20E-03
5:Ins:R:0	1.87E-03	1.76E-03	2.83E-04	9.61E-04	1.53E-03	1.75E-03	3.08E-03
5:Ins:R:1	9.21E-04	8.84E-04	1.58E-03	1.22E-03	1.69E-03	2.30E-03	2.37E-03
5:Ins:R:2	2.58E-04	2.30E-04	7.16E-05	2.22E-04	2.17E-04	4.39E-04	3.60E-04
5:Ins:R:3	1.63E-04	1.16E-04	2.61E-04	2.82E-04	3.93E-04	3.83E-04	4.81E-04
5:Ins:R:4	4.45E-04	2.26E-04	2.07E-04	2.13E-04	3.28E-04	9.60E-05	4.61E-04
5:Ins:R:5	2.39E-04	1.54E-04	1.93E-04	1.76E-04	1.68E-04	3.59E-04	3.29E-04
2:Del:M:1	7.27E-04	1.52E-03	1.86E-03	4.05E-03	2.93E-03	3.79E-03	4.17E-03
3:Del:M:1	8.67E-04	7.11E-04	7.72E-04	4.87E-04	6.48E-04	3.32E-04	9.09E-04
3:Del:M:2	9.71E-04	7.02E-04	2.03E-03	1.55E-03	2.55E-03	1.24E-03	3.00E-03
4:Del:M:1	5.32E-04	6.72E-04	7.13E-04	6.84E-04	1.04E-03	6.43E-04	1.17E-03
4:Del:M:2	3.64E-04	5.58E-04	5.22E-04	1.28E-03	5.72E-04	1.04E-03	9.48E-04
4:Del:M:3	5.05E-04	4.49E-04	8.42E-04	1.89E-03	2.23E-03	1.18E-03	2.42E-03
5:Del:M:1	2.37E-03	2.01E-03	1.85E-03	2.04E-03	2.40E-03	7.60E-04	2.26E-03
5:Del:M:2	2.08E-03	2.33E-03	2.17E-03	1.53E-03	1.18E-03	2.10E-04	1.22E-03
5:Del:M:3	1.31E-03	1.20E-03	4.92E-04	1.12E-03	8.63E-04	5.24E-04	1.37E-03
5:Del:M:4	9.31E-04	5.47E-04	1.27E-03	1.28E-03	9.16E-04	7.55E-04	1.53E-03
5:Del:M:5	1.10E-03	1.37E-03	1.03E-03	1.17E-03	1.65E-03	2.33E-03	1.90E-03
