MutationType	SBS96A	SBS96B	SBS96C	SBS96D	SBS96E	SBS96F	SBS96G	SBS96H	SBS96I	SBS96J	SBS96K	SBS96L
A[C>A]A	3.75E-04	5.39E-04	5.22E-04	9.21E-04	8.26E-04	8.85E-04	6.47E-04	1.01E-03	5.43E-04	4.55E-04	4.40E-04	1.19E-03
A[C>A]C	6.90E-04	8.82E-04	6.66E-04	8.19E-04	5.53E-04	6.73E-04	3.77E-04	9.72E-04	8.10E-04	2.50E-04	2.55E-04	8.41E-04
A[C>A]G	7.62E-05	1.53E-04	1.44E-04	1.26E-04	2.09E-04	8.11E-04	3.26E-04	3.26E-04	2.07E-04	2.64E-04	6.31E-04	3.21E-04
A[C>A]T	3.59E-04	6.11E-04	4.46E-04	3.63E-04	6.56E-04	7.27E-04	4.52E-04	6.40E-04	4.26E-04	2.32E-04	3.53E-04	7.06E-04
A[C>G]A	1.66E-04	5.80E-04	6.91E-04	6.33E-04	9.32E-04	7.66E-04	4.40E-04	7.80E-04	5.78E-04	3.79E-04	4.54E-04	1.05E-03
A[C>G]C	1.21E-04	4.62E-04	4.10E-04	4.70E-04	6.35E-04	5.42E-04	2.61E-04	6.35E-04	6.47E-04	1.89E-04	3.46E-04	4.31E-04
A[C>G]G	1.03E-04	1.41E-04	2.70E-05	2.31E-05	5.50E-05	2.82E-03	8.83E-04	5.32E-05	2.29E-05	3.82E-05	1.96E-03	1.39E-04
A[C>G]T	2.48E-04	4.33E-04	8.58E-04	6.10E-04	9.70E-04	9.02E-04	4.29E-04	9.78E-04	1.04E-03	3.13E-04	4.62E-04	6.43E-04
A[C>T]A	3.75E-04	7.50E-04	1.26E-03	1.79E-03	1.16E-03	1.53E-03	6.59E-04	2.03E-03	1.10E-03	1.23E-03	7.07E-04	2.17E-03
A[C>T]C	4.28E-04	3.72E-04	1.11E-03	1.29E-03	5.83E-04	7.75E-04	1.54E-04	1.39E-03	1.03E-03	7.53E-04	3.96E-04	1.08E-03
A[C>T]G	4.59E-04	2.26E-04	7.23E-04	1.06E-03	4.93E-04	2.14E-03	1.10E-03	1.06E-03	4.29E-04	1.81E-03	1.25E-03	6.78E-04
A[C>T]T	3.51E-04	4.47E-04	1.07E-03	1.16E-03	7.22E-04	9.47E-04	3.24E-04	1.37E-03	1.12E-03	8.50E-04	5.82E-04	9.30E-04
A[T>A]A	1.88E-04	4.52E-04	5.47E-04	1.01E-03	5.70E-04	6.15E-04	2.31E-04	7.96E-04	5.22E-04	2.22E-04	1.75E-04	8.42E-04
A[T>A]C	2.03E-04	3.50E-04	3.68E-04	4.37E-04	2.97E-04	3.79E-04	1.41E-04	4.61E-04	4.88E-04	1.83E-04	3.33E-04	3.86E-04
A[T>A]G	1.32E-04	2.90E-04	3.77E-04	4.76E-04	3.41E-04	4.34E-04	1.51E-04	4.77E-04	4.19E-04	3.34E-04	1.72E-04	3.54E-04
A[T>A]T	2.64E-04	3.60E-04	5.70E-04	7.44E-04	4.35E-04	8.17E-04	3.46E-04	1.11E-03	8.28E-04	2.32E-04	4.95E-04	1.23E-03
A[T>C]A	2.03E-04	6.74E-04	1.26E-03	1.40E-03	6.85E-04	1.08E-03	2.97E-04	1.63E-03	1.50E-03	9.84E-04	8.83E-04	1.74E-03
A[T>C]C	1.15E-04	3.83E-04	7.50E-04	7.25E-04	5.08E-04	4.60E-04	1.85E-04	6.90E-04	7.71E-04	4.00E-04	2.35E-04	6.18E-04
A[T>C]G	1.46E-04	4.39E-04	9.68E-04	1.12E-03	4.88E-04	6.94E-04	1.24E-04	1.07E-03	1.23E-03	5.69E-04	5.06E-04	9.71E-04
A[T>C]T	2.15E-04	6.53E-04	1.94E-03	1.76E-03	9.52E-04	8.57E-04	2.19E-04	1.36E-03	1.82E-03	1.17E-03	1.00E-03	9.60E-04
A[T>G]A	1.12E-04	2.43E-04	7.03E-04	3.95E-04	4.02E-04	5.15E-04	1.07E-04	4.20E-04	6.74E-04	2.49E-04	3.74E-04	1.20E-03
A[T>G]C	1.07E-04	1.68E-04	2.91E-04	3.05E-04	2.31E-04	2.64E-04	3.01E-06	3.42E-04	2.31E-04	1.09E-04	2.29E-04	4.68E-04
A[T>G]G	1.01E-04	4.20E-04	5.86E-04	8.61E-04	3.12E-04	8.07E-04	1.01E-04	8.07E-04	7.16E-04	2.84E-04	4.22E-04	1.96E-03
A[T>G]T	1.28E-04	4.04E-04	9.09E-04	6.43E-04	6.66E-04	6.91E-04	2.58E-05	9.41E-04	1.12E-03	1.93E-04	5.56E-04	1.01E-03
C[C>A]A	4.99E-04	6.22E-04	6.83E-04	4.22E-04	3.00E-04	8.48E-04	7.02E-04	5.82E-04	6.97E-04	4.60E-04	4.86E-04	5.40E-04
C[C>A]C	3.13E-04	4.63E-04	5.45E-04	5.26E-04	3.42E-04	5.76E-04	3.34E-04	6.48E-04	4.73E-04	1.96E-04	4.21E-04	4.93E-04
C[C>A]G	1.60E-04	1.81E-04	1.49E-04	2.27E-04	1.96E-04	7.96E-04	2.95E-04	3.00E-04	2.40E-04	2.87E-04	5.84E-04	1.51E-04
C[C>A]T	8.91E-04	1.04E-03	3.54E-04	2.17E-04	4.97E-04	6.49E-04	4.65E-04	2.99E-04	2.39E-04	3.75E-05	4.39E-04	3.13E-04
C[C>G]A	1.40E-04	2.07E-04	3.32E-04	2.78E-04	6.84E-04	5.03E-04	2.32E-04	4.41E-04	6.40E-04	1.12E-04	3.46E-04	8.52E-04
C[C>G]C	1.66E-04	2.18E-04	4.22E-04	2.38E-04	3.32E-04	4.06E-04	2.39E-04	4.76E-04	3.22E-04	1.37E-04	3.37E-04	4.33E-04
C[C>G]G	9.88E-05	6.95E-05	8.42E-05	1.10E-04	2.08E-04	5.26E-04	1.70E-04	1.68E-04	1.24E-04	5.58E-05	3.81E-04	8.22E-05
C[C>G]T	2.68E-04	3.54E-04	5.06E-04	4.92E-04	6.21E-04	5.56E-04	2.04E-04	7.90E-04	6.36E-04	1.79E-04	4.14E-04	6.09E-04
C[C>T]A	8.01E-04	4.06E-04	1.03E-03	1.15E-03	8.37E-04	8.74E-04	4.24E-04	1.52E-03	9.06E-04	8.78E-04	6.33E-04	4.43E-04
C[C>T]C	1.68E-03	2.54E-03	1.13E-03	1.24E-03	6.38E-04	5.41E-04	3.23E-04	1.40E-03	8.17E-04	5.60E-04	4.55E-04	6.82E-04
C[C>T]G	4.56E-04	3.61E-04	1.32E-03	1.14E-03	4.46E-04	1.36E-03	9.03E-04	1.50E-03	6.03E-04	1.64E-03	6.81E-04	8.77E-04
C[C>T]T	1.74E-03	1.92E-03	1.20E-03	1.34E-03	4.83E-04	1.06E-03	3.79E-04	1.85E-03	1.23E-03	9.34E-04	6.28E-04	1.27E-03
C[T>A]A	5.50E-04	6.21E-04	2.29E-04	1.65E-04	3.68E-04	3.15E-04	1.03E-04	2.77E-04	4.07E-04	7.91E-06	1.53E-04	2.41E-04
C[T>A]C	5.86E-04	8.79E-04	5.12E-04	2.64E-04	1.49E-04	4.75E-04	7.17E-05	4.09E-04	6.37E-04	2.64E-04	3.65E-04	3.58E-04
C[T>A]G	6.54E-04	8.14E-04	2.51E-04	2.53E-04	2.53E-04	3.40E-04	2.66E-04	2.43E-04	2.50E-04	2.30E-04	2.44E-04	3.10E-04
C[T>A]T	1.03E-03	1.19E-03	2.21E-04	2.20E-04	4.31E-04	5.17E-04	1.34E-04	1.50E-04	1.77E-04	2.06E-05	4.69E-04	3.93E-04
C[T>C]A	1.65E-04	3.44E-04	6.85E-04	7.13E-04	3.19E-04	5.42E-04	1.57E-04	6.45E-04	7.56E-04	2.29E-04	3.33E-04	9.05E-04
C[T>C]C	2.67E-04	4.09E-04	5.32E-04	6.06E-04	4.48E-04	3.74E-04	2.85E-04	4.87E-04	4.99E-04	1.98E-04	5.48E-04	2.55E-04
C[T>C]G	1.64E-04	4.24E-04	7.83E-04	6.83E-04	4.27E-04	4.93E-04	2.18E-04	7.81E-04	7.85E-04	4.96E-04	5.67E-04	6.88E-04
C[T>C]T	1.80E-04	5.91E-04	7.68E-04	1.16E-03	6.05E-04	8.76E-04	2.91E-04	1.02E-03	9.98E-04	5.33E-04	1.28E-03	1.29E-03
C[T>G]A	1.14E-04	2.19E-04	2.64E-04	2.34E-04	2.20E-04	2.71E-04	7.83E-05	3.95E-04	2.43E-04	9.14E-05	2.78E-04	5.07E-04
C[T>G]C	5.51E-05	1.81E-04	2.57E-04	1.38E-04	3.30E-04	2.73E-04	0.00E+00	2.45E-04	1.05E-04	1.53E-04	3.48E-04	1.76E-04
C[T>G]G	1.45E-04	2.51E-04	3.13E-04	1.49E-04	2.28E-04	4.03E-04	2.36E-04	2.91E-04	4.00E-04	9.82E-05	3.43E-04	4.62E-04
C[T>G]T	1.45E-04	3.53E-04	5.31E-04	5.73E-04	3.39E-04	1.38E-03	1.85E-04	4.51E-04	4.71E-04	3.23E-05	2.02E-03	2.92E-04
G[C>A]A	6.39E-04	1.04E-03	8.72E-04	5.28E-04	1.78E-04	9.84E-04	1.22E-03	1.02E-03	6.49E-04	3.68E-04	5.87E-04	5.06E-04
G[C>A]C	7.03E-04	9.60E-04	6.74E-04	4.16E-04	3.02E-04	5.75E-04	3.20E-04	7.56E-04	6.37E-04	4.54E-04	1.93E-04	2.42E-04
G[C>A]G	8.53E-05	8.25E-05	2.23E-04	2.70E-04	2.61E-04	3.44E-04	2.19E-04	2.83E-04	2.13E-04	1.41E-04	2.75E-04	5.20E-04
G[C>A]T	3.63E-04	4.76E-04	3.05E-04	3.37E-04	5.35E-04	4.92E-04	6.53E-04	4.22E-04	4.52E-04	2.72E-05	2.28E-04	4.86E-04
G[C>G]A	8.48E-05	3.05E-04	2.59E-04	2.16E-04	5.82E-04	4.21E-04	1.48E-04	3.76E-04	3.84E-04	1.02E-04	2.67E-04	2.12E-04
G[C>G]C	3.95E-04	6.81E-04	4.83E-04	2.24E-04	4.71E-04	3.31E-04	2.03E-04	4.03E-04	4.15E-04	2.34E-04	1.41E-04	3.56E-04
G[C>G]G	3.75E-05	5.61E-05	1.19E-04	9.28E-05	3.86E-05	3.86E-04	1.06E-04	1.08E-04	1.43E-04	9.23E-05	2.81E-04	1.20E-04
G[C>G]T	2.57E-04	4.36E-04	4.40E-04	2.76E-04	6.11E-04	5.54E-04	1.69E-04	5.18E-04	6.67E-04	1.05E-05	4.67E-04	4.18E-04
G[C>T]A	3.29E-04	8.16E-04	1.23E-03	1.28E-03	8.65E-04	9.68E-04	2.26E-04	1.26E-03	1.21E-03	7.99E-04	3.55E-04	4.69E-04
G[C>T]C	3.05E-04	7.34E-04	1.46E-03	1.25E-03	8.61E-04	7.23E-04	4.95E-04	1.30E-03	1.27E-03	8.03E-04	3.84E-04	8.63E-04
G[C>T]G	2.24E-04	3.44E-04	1.41E-03	9.75E-04	1.41E-04	1.07E-03	6.47E-04	9.70E-04	6.12E-04	1.47E-03	7.68E-04	9.51E-04
G[C>T]T	2.94E-04	6.38E-04	1.19E-03	9.81E-04	8.65E-04	1.00E-03	2.84E-04	1.34E-03	1.22E-03	9.00E-04	3.99E-04	7.95E-04
G[T>A]A	1.14E-04	2.40E-04	2.51E-04	1.79E-04	3.63E-04	3.29E-04	1.99E-04	4.90E-04	3.27E-04	3.19E-04	1.65E-04	6.00E-04
G[T>A]C	1.64E-04	2.96E-04	1.95E-04	2.06E-04	2.98E-04	2.78E-04	1.45E-04	2.91E-04	1.99E-04	6.74E-05	2.10E-04	3.32E-04
G[T>A]G	1.04E-04	2.78E-04	2.89E-04	1.93E-04	4.02E-04	3.64E-04	8.75E-05	5.50E-04	2.92E-04	2.33E-04	1.09E-04	5.47E-04
G[T>A]T	1.25E-04	2.18E-04	3.29E-04	3.67E-04	4.06E-04	4.11E-04	1.74E-04	5.03E-04	3.42E-04	3.40E-04	4.05E-04	4.61E-04
G[T>C]A	1.28E-04	2.70E-04	9.41E-04	8.71E-04	4.36E-04	7.09E-04	1.60E-04	7.97E-04	7.96E-04	4.09E-04	4.37E-04	1.33E-03
G[T>C]C	2.19E-04	6.27E-04	5.80E-04	5.30E-04	2.73E-04	1.83E-04	1.57E-04	5.10E-04	5.83E-04	3.84E-05	1.89E-04	2.12E-04
G[T>C]G	1.36E-04	3.21E-04	7.43E-04	8.53E-04	4.11E-04	5.08E-04	1.97E-04	7.15E-04	6.84E-04	3.77E-04	4.18E-04	1.18E-03
G[T>C]T	1.34E-04	3.48E-04	9.01E-04	8.64E-04	4.96E-04	7.14E-04	1.97E-04	7.76E-04	7.22E-04	1.88E-04	5.76E-04	8.36E-04
G[T>G]A	4.39E-05	1.29E-04	2.44E-04	3.59E-04	2.46E-04	2.93E-04	1.26E-04	3.38E-04	1.92E-04	3.36E-05	1.78E-04	6.01E-04
G[T>G]C	1.34E-04	2.97E-04	1.32E-04	7.54E-05	5.01E-05	2.67E-04	7.64E-05	2.16E-04	1.67E-04	5.98E-05	2.40E-04	3.91E-04
G[T>G]G	1.06E-04	2.97E-04	4.11E-04	1.96E-04	3.47E-04	4.46E-04	1.89E-04	4.65E-04	2.53E-04	2.53E-04	2.60E-04	6.60E-04
G[T>G]T	1.41E-04	1.20E-04	4.26E-04	3.90E-04	4.94E-04	5.11E-04	1.75E-04	6.25E-04	3.29E-04	2.57E-04	5.97E-04	6.20E-04
T[C>A]A	5.09E-04	5.62E-04	1.05E-03	6.46E-04	5.00E-04	9.44E-04	8.34E-04	8.25E-04	7.95E-04	5.24E-04	5.41E-04	8.48E-04
T[C>A]C	3.47E-04	4.95E-04	6.70E-04	5.44E-04	4.86E-04	5.78E-04	3.99E-04	7.61E-04	7.38E-04	4.37E-04	3.59E-04	5.35E-04
T[C>A]G	5.42E-05	1.29E-04	9.01E-05	8.53E-05	1.31E-04	3.60E-04	2.86E-04	1.81E-04	8.32E-05	1.05E-04	2.19E-04	1.21E-04
T[C>A]T	8.02E-04	5.00E-04	5.28E-04	6.21E-04	6.77E-04	1.13E-03	1.20E-03	7.30E-04	7.28E-04	3.51E-04	6.56E-04	5.16E-04
T[C>G]A	6.42E-05	5.40E-04	7.81E-04	3.80E-04	7.49E-04	6.23E-04	2.85E-04	5.42E-04	8.04E-04	2.39E-04	4.90E-04	5.87E-04
T[C>G]C	1.39E-04	3.71E-04	6.90E-04	3.62E-04	4.78E-04	5.60E-04	2.54E-04	4.74E-04	7.23E-04	1.24E-04	4.10E-04	3.90E-04
T[C>G]G	5.88E-05	6.29E-05	6.33E-05	1.23E-04	7.50E-05	1.08E-03	3.89E-04	1.99E-04	1.33E-04	6.25E-05	7.17E-04	3.15E-04
T[C>G]T	4.02E-04	7.27E-04	1.12E-03	8.77E-04	1.24E-03	7.69E-04	3.67E-04	1.08E-03	1.12E-03	1.73E-04	7.10E-04	1.08E-03
T[C>T]A	3.75E-04	6.80E-04	1.53E-03	1.62E-03	1.04E-03	9.67E-04	4.01E-04	1.59E-03	1.32E-03	1.09E-03	8.34E-04	1.13E-03
T[C>T]C	3.57E-04	5.23E-04	1.13E-03	1.20E-03	6.18E-04	8.34E-04	3.28E-04	1.23E-03	1.16E-03	7.96E-04	4.66E-04	1.11E-03
T[C>T]G	1.73E-04	2.14E-04	6.84E-04	8.00E-04	3.47E-04	9.91E-04	6.40E-04	1.12E-03	8.39E-04	1.28E-03	5.51E-04	1.08E-03
T[C>T]T	5.97E-04	3.55E-04	1.27E-03	1.36E-03	8.75E-04	9.45E-04	3.75E-04	1.67E-03	1.13E-03	7.74E-04	6.09E-04	1.52E-03
T[T>A]A	2.48E-04	3.73E-04	1.00E-03	6.40E-04	3.52E-04	7.68E-04	2.50E-04	1.15E-03	9.33E-04	6.22E-04	2.58E-04	1.39E-03
T[T>A]C	1.38E-04	3.53E-04	4.59E-04	2.80E-04	3.88E-04	3.80E-04	2.31E-04	5.04E-04	5.50E-04	1.95E-04	3.61E-04	3.01E-04
T[T>A]G	1.21E-04	2.82E-04	3.22E-04	4.08E-04	3.11E-04	4.14E-04	1.15E-04	4.53E-04	4.31E-04	1.51E-04	2.58E-04	3.68E-04
T[T>A]T	1.37E-04	4.14E-04	7.27E-04	1.13E-03	6.02E-04	6.33E-04	3.07E-04	1.08E-03	6.95E-04	4.08E-04	6.28E-04	9.37E-04
T[T>C]A	2.55E-04	4.58E-04	9.36E-04	8.24E-04	6.72E-04	7.94E-04	2.14E-04	1.18E-03	1.16E-03	4.42E-04	4.33E-04	1.14E-03
T[T>C]C	7.21E-05	4.91E-04	7.90E-04	1.20E-03	3.92E-04	4.99E-04	2.45E-04	1.12E-03	8.76E-04	1.77E-04	4.18E-04	1.36E-03
T[T>C]G	1.34E-04	3.39E-04	8.98E-04	7.45E-04	5.78E-04	5.02E-04	1.96E-04	8.87E-04	1.03E-03	4.04E-04	3.70E-04	6.62E-04
T[T>C]T	1.54E-04	4.96E-04	9.86E-04	1.08E-03	8.38E-04	9.55E-04	3.45E-04	1.10E-03	1.24E-03	7.69E-04	5.23E-04	1.62E-03
T[T>G]A	1.18E-04	2.14E-04	6.06E-04	4.71E-04	4.38E-04	4.90E-04	2.22E-04	6.07E-04	9.80E-04	2.38E-04	1.85E-04	1.40E-03
T[T>G]C	4.31E-05	2.31E-04	3.15E-04	3.44E-04	3.15E-04	2.81E-04	1.22E-04	4.42E-04	2.37E-04	1.84E-04	2.71E-04	5.27E-04
T[T>G]G	1.73E-04	5.10E-04	8.59E-04	6.16E-04	3.43E-04	9.18E-04	2.60E-04	9.61E-04	7.45E-04	4.53E-04	4.62E-04	1.77E-03
T[T>G]T	1.90E-04	5.40E-04	7.60E-04	9.19E-04	8.67E-04	8.89E-04	3.02E-04	1.09E-03	1.13E-03	4.36E-04	7.53E-04	1.77E-03
