MutationType	SBS96A	SBS96B	SBS96C	SBS96D	SBS96E	SBS96F	SBS96G	SBS96H	SBS96I	SBS96J	SBS96K	SBS96L
A[C>A]A	0.01044662080918556	0.00886156777762153	0.004967948531117372	0.01164618365219212	0.025362716804957018	0.018417629416217097	0.04102420867420733	0.01149682434133183	0.004100931555672105	0.0049333396341592105	0.007135198726159615	0.024743157900950337
A[C>A]C	0.02880255522672087	0.039632024880011156	0.008280365898483239	0.0167838571374858	0.007060330623280606	0.013804536108646062	0.01591495091625802	0.013592151850173905	0.014646294442354702	0.0012872227560056615	0.00255059360088012	0.012439734574746408
A[C>A]G	0.0007155072137265961	0.002822331610566948	0.0005508195727306031	0.0007000559838681397	0.0022648091255615555	0.018907842692872236	0.0068077031576184764	0.00234467193246104	0.0015943605785169268	0.003923254484866163	0.013888841384234638	0.0024167719947346456
A[C>A]T	0.019913480352261103	0.011584099150195284	0.0023197615141096863	0.0025853240833305334	0.02243500584969297	0.010959393145288914	0.021629132728558032	0.006144635209569102	0.0025988050804411954	0.0019148914396597404	0.004742811589912037	0.01084492004662991
A[C>G]A	0.0018578704987521632	0.012424732850149667	0.00718298621059958	0.00669559872607059	0.04448298585601151	0.006849467482372526	0.015276098961476237	0.007110922680429326	0.0055219482095127505	0.001998471320966857	0.006975724442297917	0.01672867684826059
A[C>G]C	0.001377985951503433	0.005562898683269851	0.004626282836900373	0.005319359882334709	0.01672615291143302	0.004374761979413932	0.007577883589838166	0.007440301844671677	0.00838980227110767	0.0018514523363759138	0.005660015895075077	0.0021944008733753508
A[C>G]G	0.0006726355405812967	0.0013793151579102414	4.26137348907929e-05	3.8996077706805465e-05	0.00011765072722823789	0.06261563380509201	0.010988838664607457	9.160917525946388e-05	5.068751753348977e-05	9.211113290312767e-05	0.02537300347147834	0.0002606672021665446
A[C>G]T	0.004940040394455991	0.005133250751519178	0.010539858690806269	0.003959452282151261	0.05777063559740782	0.018798698599188698	0.007043889065581652	0.00900919277365238	0.014237741742551862	0.0021579782113968805	0.00505980023149732	0.0032335436974610943
A[C>T]A	0.00466710278949904	0.009670268235495313	0.0255216404970588	0.05302357810782268	0.04278718635905534	0.022033197259564936	0.0330783620197326	0.05476224553538486	0.017811734165210567	0.03803702456702013	0.010192394064797555	0.044227925608017526
A[C>T]C	0.006839824760008923	0.003639599142690315	0.02141908687780642	0.03421911293902667	0.007249272590104283	0.013609485855095044	0.001330920161894653	0.032240069788709025	0.019293486601505094	0.01587717873202422	0.005115771242217306	0.010944691905977848
A[C>T]G	0.008054128691012465	0.002064806886198767	0.0045023578677682976	0.008954820584084908	0.004881196846149578	0.0534330818001115	0.030046197613792174	0.009636035981014321	0.002723760133845887	0.12130719838663935	0.025398400844205752	0.005726177375829735
A[C>T]T	0.0059156100049676755	0.003781138649319473	0.031769730410305785	0.035408111116848884	0.014376759617588277	0.016311188393156043	0.0065681843325000955	0.03331915035044119	0.025152193521207664	0.023418648108599883	0.013419557898596396	0.009161969780056439
A[T>A]A	0.003566224021864741	0.010960819850762391	0.005321948500111517	0.016624167257105	0.00825944049103157	0.010853205044234072	0.0034920037032165397	0.007515958722473109	0.00443957120287223	0.0014511725977715173	0.0012217660890715366	0.006178608974636682
A[T>A]C	0.005594959274530993	0.010150159029233236	0.004499050713898214	0.00485512850570776	0.0032329578277769146	0.005858784281697211	0.0020087722827543076	0.004541026952351217	0.00705874856407462	0.0018813183717534799	0.006418327447600743	0.002366360565577903
A[T>A]G	0.0022328939821414906	0.008348356756711724	0.004403778560002411	0.004758713947143604	0.007099319785925218	0.00700575027591384	0.0020684351395175325	0.006270742337957387	0.006214155056361506	0.008752933114374173	0.001502476316810629	0.002069075517309802
A[T>A]T	0.007903480962704634	0.005830988200589928	0.005883414553992452	0.008996525188415276	0.006999024783615368	0.00899775665284892	0.006854579396033387	0.017632071016737427	0.011819291906343779	0.0015083743331121013	0.011132291456742677	0.02218603203092158
A[T>C]A	0.00220614691481475	0.012881205760349986	0.02578864206479567	0.044882048259023574	0.00842047523334486	0.009722754125768916	0.0030560569646695514	0.03354694279823889	0.043937610918655993	0.025332969558444916	0.022461561643867752	0.05723931816272398
A[T>C]C	0.001683834719491415	0.009053279058439329	0.0172167358090519	0.01254399151346167	0.008846190842905343	0.0046104972065549536	0.003404716873264988	0.010122943749492493	0.0225833570764388	0.004698792806544744	0.0024282885845869373	0.004331949557950914
A[T>C]G	0.002063693448108097	0.005168860707552198	0.01873063908540644	0.029575801027591525	0.005196048986958317	0.014194906914027569	0.000848437621625635	0.019760094931461934	0.03309193277579652	0.009725094523005993	0.009024914933761466	0.012336902669693473
A[T>C]T	0.002470524695863787	0.009450645699932494	0.05791237920757549	0.05663511588887673	0.013125802893199534	0.00553439775326666	0.001896236234466081	0.017839876850335373	0.03820008198908681	0.03638790305617249	0.017252324319062495	0.00635792854465862
A[T>G]A	0.0019763947346928034	0.0015181376950727098	0.008497458128074129	0.003266822047172013	0.006519425360762483	0.004926944612137305	0.0010920869066210193	0.0037205976867716118	0.008185267191519081	0.0026871266571047415	0.0110004688567426	0.021012738329527637
A[T>G]C	0.0025967455512054018	0.0017376964448591891	0.0030786031061829176	0.003089811628295749	0.002414669060689505	0.002636395920355028	3.2833066455850713e-06	0.0034675686122946914	0.0015327950518172174	0.0008708216207449482	0.003834414292843036	0.006008625930197659
A[T>G]G	0.001499197492016151	0.006079125205639854	0.002369267823838328	0.007731531434354438	0.001368593510830749	0.005916388945418305	0.0008288405912828978	0.00634143397494654	0.0037854763791423094	0.002847023173947676	0.0033349182403017608	0.04759254485485144
A[T>G]T	0.0021405538474152763	0.0030366428185965334	0.011844440239871119	0.0052348978108253405	0.013467851169122582	0.006637926721070926	7.430213098359673e-05	0.01211128200763767	0.022297363169420235	0.0011488349496756457	0.02003718166379258	0.010415933246819548
C[C>A]A	0.013605853661301808	0.017211273464604347	0.006799969354175915	0.0031758946447007475	0.002913416208029922	0.019263657370185	0.055723655177280305	0.006707216627252421	0.007942469550837359	0.007730983661240316	0.0075180837912421335	0.004515315500242423
C[C>A]C	0.011598040809622035	0.01674223558511585	0.007182810721928945	0.008383409617794655	0.0035356831678006982	0.012201719531440176	0.01403883104911074	0.009657344766415577	0.0069524150479665535	0.001730249977447329	0.010973688794136372	0.004358226892102976
C[C>A]G	0.002388193713854889	0.0022858273064470325	0.0009199284436366101	0.002293174940785292	0.0017022688464767555	0.01824238117187633	0.005224058968688041	0.002823514343441218	0.0015432827095878566	0.00493583235214345	0.007656921303685635	0.0005226115613712068
C[C>A]T	0.02760074230766918	0.04821471014525741	0.0009693802839235843	0.0006543501572920718	0.008188312320967839	0.007318740705437392	0.02620546188787557	0.0015419693483597152	0.0009865900620926737	0.00011246583815043536	0.009975350061197333	0.001072920492944268
C[C>G]A	0.00277221712559367	0.0019227924190434328	0.00259015657265536	0.001647393150480525	0.021041762180238947	0.007761657529271275	0.003772614537021468	0.0033919618530603656	0.007754389174200469	0.0009257134049844495	0.00659232031081347	0.011073800928522459
C[C>G]C	0.004400447884971754	0.0036423976582113937	0.0054266413176083	0.0019003088015124093	0.005088099847707071	0.0074707136669667305	0.005152763979596671	0.003529768207483315	0.0036562413627465418	0.0011344777147310064	0.008297202934485312	0.003080110749171894
C[C>G]G	0.0018856847334262738	0.00044416306031649813	0.00042541030395643276	0.0005156538331608473	0.003197559042381641	0.01324039453221829	0.0011972606463032066	0.0011446265015500501	0.0008565020976921378	0.00013139432471700018	0.0037367740115229263	0.0002826613153463886
C[C>G]T	0.01087659215205349	0.008767577429668449	0.005379984354057974	0.0049404725450256145	0.0189275557171905	0.00971410548677909	0.0032181661682443518	0.011711442693870424	0.0090142716392279	0.0008744151408649259	0.00863352557481825	0.0042765753918001794
C[C>T]A	0.043868262991309165	0.0031702870029766926	0.024604271659045482	0.02606627906428912	0.030276185479015113	0.012235506373940375	0.010256059970743081	0.02686260026499781	0.016527532399886694	0.028033930702035807	0.014973945567594455	0.0021875269174755374
C[C>T]C	0.18660886207595467	0.038481412826840825	0.01897466022575953	0.018009876117435368	0.0067245973451011305	0.0028681784928789966	0.0026785951769932124	0.017295353144437798	0.008039423703823233	0.005354134335076908	0.004679029311614506	0.00459083558859728
C[C>T]G	0.007354578281016302	0.002309513932268601	0.01589491105417096	0.011842650373188235	0.005092244853708223	0.029043205416032267	0.02559486091067825	0.018825513429503792	0.00405130865269939	0.12059063270688057	0.007134747804175276	0.007388072944197433
C[C>T]T	0.17089221928268672	0.012697353824000326	0.022012107838486374	0.03278870908029603	0.003405212207690056	0.014669544383066295	0.004149016035758	0.029169025091905495	0.01815095721598482	0.020777599325051598	0.009199202503401125	0.016403660100923503
C[T>A]A	0.019038357257094275	0.016861262205118237	0.0017386722402859078	0.0010927583758906323	0.006021338365939286	0.0032834098666029376	0.0009041450009156193	0.0021254211698662397	0.004882180484629686	7.917149945839696e-06	0.001807765084278401	0.0008758030271764738
C[T>A]C	0.019035736291968988	0.029445085233014794	0.0025733578994661666	0.0014078348362788517	0.0008080941682101183	0.004874897316010305	0.000435848258479723	0.0025625830799145886	0.0043915471581188826	0.00262880579556807	0.009702671523404973	0.002514703931088311
C[T>A]G	0.02254195066052489	0.030076071262119513	0.001999730059670811	0.0020449151351724735	0.0027082927950209524	0.006399668100954727	0.0068742558970456	0.0016758582413103796	0.0016352434372382163	0.0027482171577977964	0.00287221139221856	0.0023484314828371568
C[T>A]T	0.033249516255003754	0.04704104472309154	0.000837409157595772	0.0010694845898125038	0.007626061011904426	0.007567386818710542	0.000957340915134397	0.0006112405160678235	0.0011200228529826362	2.7844182248557557e-05	0.021688824787611624	0.0018291817433636482
C[T>C]A	0.0042167346539224585	0.0077097659383434805	0.011459040326127053	0.013758161661494678	0.0027473045116451545	0.010378187280584825	0.001892077278407669	0.008749359361567599	0.020070337700590243	0.0017666961118561631	0.004644357673694359	0.012774388691911866
C[T>C]C	0.008398930357616336	0.012880077125009848	0.007961651928803942	0.012542346842480043	0.007603021433615336	0.0024634820234973633	0.00762438131539966	0.005916906199121783	0.007416415038896958	0.0009371320502420133	0.01950859813686435	0.0011211935054848431
C[T>C]G	0.0027790207429507063	0.016006805259967224	0.0185149808168984	0.013313099302290823	0.004994605339307779	0.005205909608803481	0.00407621941943944	0.012313680879873914	0.01729954240537694	0.010682674257841427	0.01276571340036753	0.007879657808370268
C[T>C]T	0.0028278201833018103	0.01873018695274368	0.01106844434059206	0.02290227502133348	0.007762164472078439	0.007270622679570806	0.004703625848778756	0.015075294017879059	0.017078785396449803	0.011847329920916536	0.0702844585198909	0.02664642172429012
C[T>G]A	0.002253654590576204	0.003959466520498012	0.002538170041347776	0.0016386497600650429	0.0031932928854322994	0.0022348452117620355	0.0006460077474835657	0.004490699353378602	0.001532872203301423	0.0005601142661238079	0.005589012538539464	0.006551273725825623
C[T>G]C	0.0006204145671653039	0.0032981635658393318	0.0017591464033607097	0.0007484957325849706	0.007580119518240309	0.0024940273746774013	0.0	0.001538756737794067	0.0005314953191468774	0.002209862039359507	0.007825343350432092	0.0009214921637516937
C[T>G]G	0.002010604396870157	0.009484594879322685	0.0026345170372498216	0.000874120785700967	0.002893099604151672	0.006734402797508778	0.006905017603276065	0.0017474324148079035	0.004769017015329098	0.00017388013147467518	0.00792856702855829	0.005455232269442671
C[T>G]T	0.0020394592683172165	0.0033524923161863283	0.004281209289491699	0.002218820720463128	0.0021650318217373865	0.01383003877457611	0.0017051260059221817	0.0019232065837843492	0.0032099810228414325	4.001731586839696e-05	0.1385912899672985	0.0005077328532525627
G[C>A]A	0.009336701149437658	0.029582341927716697	0.011358613022757709	0.004403484558307298	0.0007600410607872021	0.01151567180611437	0.10874201182276011	0.01350879630620824	0.005446546460647141	0.003127451024932526	0.006822899326863023	0.0027075080354700275
G[C>A]C	0.030313036821899005	0.04271452576977481	0.00914014423311528	0.003500334195937569	0.0031083321971891566	0.005633423749054316	0.00682467974620522	0.010405602729829298	0.008240940351400354	0.009212885685574292	0.0015867059867718477	0.0010426389585211381
G[C>A]G	0.0011427801123272728	0.0006245103736002022	0.0016158121479426146	0.0029601028221654655	0.003976836706345779	0.006972340604998806	0.006930658768251306	0.002407537386687591	0.0013616058628448259	0.0011918267221905764	0.004168694754645941	0.006095634404691986
G[C>A]T	0.00500630197828798	0.0110460109737212	0.0024909089246479255	0.003036263727824462	0.01153298899364927	0.007289462349743942	0.06164446346461773	0.0032720420241721115	0.003843880068441905	6.172338020071777e-05	0.0020481567681525804	0.005889378081709466
G[C>G]A	0.0010326176597136793	0.007404062380566075	0.0016460722922030512	0.0009919885838641563	0.019801264080899158	0.009343526551047176	0.0013301690376148834	0.002289015938595007	0.002741421380516611	0.00010153660660626507	0.002977661429217946	0.0008934766051588738
G[C>G]C	0.008014657561718081	0.031934019318573516	0.0042334603368229294	0.0016565512990009746	0.009237901279066136	0.0027311439286748394	0.0033524903747849067	0.0028909907654363566	0.0020138280095774873	0.0003313366198274981	0.0009734336065015725	0.0029848287352371374
G[C>G]G	0.0003514780761898706	0.0005271639285699337	0.0009020233038987157	0.0005061210713910036	0.00012165618425278523	0.009118403013403765	0.0009532821495989197	0.0007044374760498063	0.001332177059227675	0.0006744147330672235	0.0028091721343566434	0.0005923324491074666
G[C>G]T	0.008414687464246527	0.012080430414061993	0.003608708108059986	0.0018324789461482106	0.019496043304113187	0.010652839990183622	0.0018315937577597196	0.0045666205904725385	0.009522369942235258	1.0530324868014418e-05	0.012917664252890973	0.004159737489602051
G[C>T]A	0.012620546162361279	0.017066506567934993	0.02840799529996275	0.030133357906333914	0.03000826750183478	0.014099036141296893	0.002392144312980397	0.020961926529288348	0.02399945743082128	0.01761497490166221	0.0030245433367531403	0.002813540386719069
G[C>T]C	0.005813633908474003	0.017375966690306086	0.05084457489545457	0.02166770223005642	0.01661193762192852	0.0048809570103243265	0.015380184803442774	0.02129573273345116	0.025817447349763826	0.0187282799485331	0.003891839739472125	0.005313170656342407
G[C>T]G	0.0019378260358905671	0.004967388076070165	0.017649616699779075	0.00696361490429231	0.0005423258855444147	0.019478813769315765	0.014069634570217317	0.007454654882957925	0.0027916230235686614	0.11158002991229296	0.012122256346640938	0.01057709092450736
G[C>T]T	0.0063925031817052514	0.011903431911371741	0.042570372924674305	0.018762339231914213	0.01504157357452641	0.019342470105389146	0.003930187192545418	0.02594779099775046	0.037382170920604946	0.024926742315303726	0.004950013342167949	0.005733267009327108
G[T>A]A	0.0014649740151618574	0.00471005926581654	0.0011232922933777445	0.0007400541012611938	0.007988410694301252	0.004416430377132769	0.003505179731852195	0.004291738750056666	0.002672516539480583	0.005840854192843565	0.0012744298818776834	0.00598385893096145
G[T>A]C	0.003366660739583267	0.008866431576465175	0.0012471601412774192	0.0013368388078238347	0.004403738751159097	0.004643258485270784	0.0024895548848343197	0.002127610101690003	0.0010894306507972474	0.0001617125314226797	0.0036562826026118956	0.0027334686446570267
G[T>A]G	0.0011781894257933345	0.006763407134822046	0.0013857916647105383	0.0010518758027714624	0.0074698171970094054	0.005320926637372167	0.000735468790581777	0.005176921836662416	0.0019043011525330656	0.0019309026156672715	0.0006387371885222137	0.005360144097055866
G[T>A]T	0.0022971486463757174	0.0037745988941509266	0.002571771284939075	0.0029414983819125596	0.008636669458993537	0.005500623048114335	0.002952871014115317	0.00498412025978638	0.0024765289013870275	0.005073121443113493	0.012812720889924094	0.0026961665962239676
G[T>C]A	0.001706868107939954	0.004086537208842902	0.018686635541997062	0.016120558353853766	0.005752051680144064	0.004976179503233311	0.0017879078189844222	0.009069663745351661	0.011064861708691752	0.0055144913313159806	0.006830338651189152	0.021115225912060148
G[T>C]C	0.00213112258729069	0.030488364092452685	0.008680561400501503	0.00674980663281751	0.0024475374592861955	0.0016374030387233062	0.0022961533743563935	0.005284143984735224	0.008499286740682734	0.0001184640914431867	0.0016711171426015902	0.0008701196938447175
G[T>C]G	0.002335821245014813	0.0017475853536893736	0.01080571112983108	0.014718665638172559	0.005064514498208154	0.002630756274211592	0.0029844388889281965	0.00898261668501462	0.008620174359306816	0.005065815431954803	0.005958121902701308	0.02374811446343756
G[T>C]T	0.0021509364712164825	0.00752389890160714	0.019068255377409287	0.02130457148332077	0.006970743035070086	0.007837943803592111	0.0022942526753081437	0.009393239696199557	0.012855320802666484	0.0010698983745510305	0.017321931760807274	0.007762710940868836
G[T>G]A	0.00041651520944242294	0.0017861990577506504	0.0024710144294213168	0.003405540507633065	0.003387788061727406	0.0028118960845125683	0.0020564194782677703	0.0029674070534761654	0.0013017965726217894	6.021439838385489e-05	0.003259209831984791	0.00859215367422952
G[T>G]C	0.0021070023437943773	0.008727616189306389	0.0007367090920791952	0.00028996780202280805	0.00016618667290693167	0.004827899641680205	0.0006161094340775008	0.0010406956155428304	0.0005279296639503528	0.0001228765082706573	0.004655025390827632	0.005987280364235196
G[T>G]G	0.0015015767666088208	0.004826142588896402	0.003201232625124	0.001120427319207833	0.005464762345661143	0.006682285620256039	0.00486796097573631	0.0027137178502650273	0.0012719185794686893	0.0019469867372240656	0.004072594273761325	0.007818991135543029
G[T>G]T	0.002343978936745543	0.0007006269385237829	0.0033813311897878864	0.003148056271821531	0.008236571374452524	0.006993791460590728	0.0032222287185032883	0.0072516220393478645	0.0032326123478302548	0.0014758034316889733	0.030103171723894775	0.0061623607570865605
T[C>A]A	0.012475616000592708	0.009968724752682193	0.016121936619165354	0.006528379195578253	0.00675607710982149	0.015881801805929782	0.06384804688394069	0.006712781712741673	0.0073519680682233	0.006310030968234059	0.006239773225161116	0.010456240666807802
T[C>A]C	0.011275068934919545	0.020274456188284374	0.009245197703130544	0.0073128105012870035	0.008310904915790632	0.011722311398841612	0.0223511035554111	0.010781526324355598	0.013844792959134792	0.007586125538782653	0.006005751355060056	0.005034687020890578
T[C>A]G	0.00042039136504648414	0.002054967707813926	0.00046336233194995915	0.00034133687051441264	0.001255746682193859	0.006901101897548756	0.008649379369287544	0.0012661553551722804	0.0004280253677871988	0.0006837159371515967	0.002665544076336346	0.0005199070424325792
T[C>A]T	0.02567018411551146	0.003955551133115023	0.00449084992175969	0.005571410680169038	0.010395118936302246	0.01583759105393142	0.1149858171120286	0.006775900567947275	0.008637674892070209	0.00444810861023143	0.014181684249379031	0.002955565158997473
T[C>G]A	0.0004063948738078693	0.017440564854914554	0.0094852712374567	0.0031002311105666537	0.0343649980169721	0.005117882811025733	0.0046461043575254735	0.004448036670939785	0.014111685669836333	0.0023112479465950742	0.008926723857027809	0.003224117044477488
T[C>G]C	0.00255868087349711	0.008231681344545905	0.008870560063271018	0.003690290012829891	0.007700844028656704	0.011530568554820207	0.004950603426691274	0.004353932006013031	0.012449795214230334	0.0004842367377155199	0.007655933845610434	0.0019950910504852714
T[C>G]G	0.0005096158436140286	0.000508828607054852	0.000269772214477868	0.0006677033583495629	0.0003760462920264196	0.02493411808482506	0.007319825594791354	0.001402525681305171	0.0005457587786135321	0.00022607259492769317	0.007888419257829434	0.002142827275511431
T[C>G]T	0.014872831298853272	0.016736487598973327	0.013986298790827334	0.010353158111060452	0.0736897486448288	0.007977355914904364	0.005028055431066605	0.01287056269307186	0.013106440746996953	0.0005574093700124649	0.014875846808026836	0.014214241464446786
T[C>T]A	0.010244020168320276	0.009753027526749065	0.02770701014494989	0.029867929132415157	0.02727616233118397	0.01333360724907834	0.007266285822871623	0.02649169102902306	0.013864563990355237	0.032989154385286386	0.01236394380332058	0.010641026160666627
T[C>T]C	0.015174584812484682	0.009173746535736882	0.033246816159808075	0.026736921537705884	0.007944127084916203	0.009387010768654136	0.006117137399960484	0.03137368584708383	0.029640772556304	0.02819334999410785	0.0059099480945224055	0.020283213777677958
T[C>T]G	0.0013532097349008155	0.0017953350393258916	0.004215857876210407	0.006479780034904365	0.002894452222610937	0.014698937619616145	0.022154602665655148	0.010809000603277923	0.0070081197806734965	0.07823728954652324	0.009127307733288036	0.012130744433794973
T[C>T]T	0.026261288300156595	0.0035156592247341223	0.02558223349740729	0.03289694453706036	0.01398838978449703	0.008355819311145752	0.00713060866080923	0.04373649357323302	0.022202310647763852	0.016429396356400047	0.011213344525220634	0.03104263330556215
T[T>A]A	0.008598002518701832	0.005343268448174996	0.01609386000331142	0.007927033817468327	0.0023697598485586014	0.016238445262965796	0.0031843809617203077	0.015276754101505504	0.01682167201426978	0.011896185375852469	0.0022020048647580963	0.03144410187010791
T[T>A]C	0.002124282924622776	0.011693991705105872	0.004702040261333735	0.0018888667592457864	0.007640323410967085	0.005401722743288246	0.004786212976550814	0.005841619727832921	0.00637434838114757	0.0018989632259210872	0.008836214453008324	0.0012600449718551943
T[T>A]G	0.0016719439625796895	0.006286471819312851	0.0020513053598443776	0.003904967666776429	0.004174618568897301	0.008945589304752559	0.0012500122501677424	0.005010410928276201	0.0032800121987539986	0.0012445994580038543	0.004210586388410462	0.0028431345380134586
T[T>A]T	0.001797035619779308	0.009418161173234693	0.009041717714135302	0.025722103817533936	0.011541425496336188	0.010344403399303701	0.009061344442416156	0.016328261575392845	0.008082955249346924	0.00501918439183271	0.018745046457624995	0.010945681510348493
T[T>C]A	0.005459267663973151	0.003904170346190932	0.0188044010567495	0.010961774191235918	0.013849605179132158	0.013189102914009538	0.0029727883930809186	0.014671061865875003	0.02871109145693481	0.0061404972623790325	0.009940926472423825	0.016307533634066545
T[T>C]C	0.0004165166302490775	0.01251793918743715	0.010546422455462477	0.02670934777405784	0.0035859902937338006	0.0023466420550073506	0.003792778015255749	0.018157767128780335	0.014300066818482832	0.0007185887935302304	0.006478963482482811	0.027406101595993278
T[T>C]G	0.0015173736869792266	0.00525107423981467	0.01883050958349486	0.011689158314211311	0.010467274586391113	0.004902509357389135	0.003234913200540177	0.013171043776224564	0.022467660959214583	0.005742585465779139	0.004281371100028082	0.005393853092143816
T[T>C]T	0.0016886313807208354	0.006710975086757995	0.020960216667367602	0.024170324589940718	0.020592650561629854	0.009473782923777208	0.00741316285908473	0.01913855256325923	0.04315559861890506	0.01989140867254946	0.006538714156340575	0.03554113105934903
T[T>G]A	0.0016113769003459311	0.0023455181749847042	0.006625922828961847	0.0035556311445560595	0.005929342103502222	0.007714064181076737	0.00402203759111309	0.0054279513580407016	0.014678054977370465	0.002186426517462694	0.0014893315974507004	0.028162360532547268
T[T>G]C	0.0003421853509926365	0.004474887060468973	0.002850094938940657	0.002791489157325735	0.004278726236681365	0.002119835704428681	0.0017381892721004988	0.004400039675659428	0.0021050501627177276	0.0012899735146782731	0.004343431626074547	0.007584741361342395
T[T>G]G	0.004160518100543413	0.004090510111491597	0.010380802220106986	0.0038826407160956755	0.003278283594313791	0.005913499620622247	0.0046921632336761835	0.0069430049528031645	0.006203996971647854	0.004409314371809216	0.006067309465374819	0.0349312023280072
T[T>G]T	0.003011501424880407	0.007819672101995821	0.01178339356354627	0.010549425164449814	0.024451604086498265	0.014617502302039611	0.005364870620133644	0.014173464152950146	0.021937206428228818	0.00510979935537894	0.03152450305875391	0.06571013867855072
