MutationType	DBS78A	DBS78B	DBS78C	DBS78D	DBS78E	DBS78F	DBS78G	DBS78H
AC>CA	3.66E-04	1.26E-03	1.94E-03	2.41E-03	1.41E-03	1.51E-03	2.16E-03	2.69E-03
AC>CG	1.21E-07	3.60E-07	6.70E-07	9.41E-07	8.65E-07	6.84E-07	1.21E-06	1.55E-06
AC>CT	9.79E-05	4.58E-04	1.09E-03	1.58E-03	1.82E-03	1.77E-03	5.57E-03	3.84E-03
AC>GA	1.21E-07	3.60E-07	6.70E-07	9.41E-07	8.65E-07	6.84E-07	1.21E-06	1.55E-06
AC>GG	1.21E-07	3.60E-07	6.70E-07	9.41E-07	8.65E-07	6.84E-07	1.21E-06	1.55E-06
AC>GT	1.05E-04	1.61E-04	1.77E-03	1.55E-03	2.65E-03	1.82E-03	3.14E-03	2.12E-03
AC>TA	1.21E-07	4.82E-04	1.72E-03	2.66E-03	3.05E-03	1.45E-03	4.56E-03	3.84E-03
AC>TG	4.33E-04	8.39E-05	8.12E-04	2.34E-03	2.92E-03	2.89E-03	5.54E-03	3.95E-03
AC>TT	3.76E-04	4.25E-07	6.30E-07	2.84E-04	9.12E-07	7.01E-07	1.37E-06	1.56E-06
AT>CA	1.21E-07	3.60E-07	6.70E-07	9.41E-07	8.65E-07	6.84E-07	1.21E-06	1.55E-06
AT>CC	2.94E-04	2.47E-04	1.44E-03	2.66E-03	1.24E-03	2.60E-03	1.80E-03	3.06E-03
AT>CG	1.21E-07	3.60E-07	6.70E-07	9.41E-07	8.65E-07	6.84E-07	1.21E-06	1.55E-06
AT>GA	7.01E-04	5.15E-07	6.39E-07	4.53E-04	9.57E-07	6.83E-07	1.60E-04	2.46E-04
AT>GC	3.88E-04	5.39E-07	6.01E-07	1.11E-04	9.62E-07	6.94E-07	3.19E-05	1.89E-04
AT>TA	1.17E-04	1.14E-03	2.11E-03	4.22E-03	3.10E-03	5.19E-03	5.06E-03	4.75E-03
CC>AA	3.12E-03	2.37E-03	2.74E-03	1.44E-02	3.23E-03	2.65E-03	4.42E-03	2.79E-03
CC>AG	1.13E-03	1.68E-03	2.21E-03	5.40E-03	1.36E-03	1.85E-03	6.12E-03	4.14E-03
CC>AT	1.63E-03	4.26E-03	3.14E-03	4.38E-03	2.56E-03	3.53E-03	3.12E-03	1.67E-02
CC>GA	5.87E-04	5.39E-07	6.36E-07	2.04E-04	9.80E-07	6.66E-07	6.40E-05	1.55E-06
CC>GG	4.33E-04	4.05E-07	6.40E-07	1.56E-04	9.31E-07	6.78E-07	1.28E-04	1.57E-06
CC>GT	4.16E-04	1.24E-03	6.76E-04	1.67E-04	9.04E-07	6.93E-07	1.29E-06	1.08E-03
CC>TA	8.34E-04	1.61E-03	1.22E-04	7.21E-04	1.14E-04	6.38E-07	2.35E-04	1.25E-03
CC>TG	3.90E-04	5.36E-07	6.21E-07	1.33E-04	9.38E-07	6.81E-07	6.40E-05	1.64E-04
CC>TT	9.19E-04	2.94E-04	2.21E-03	7.41E-03	2.58E-03	2.80E-03	1.30E-02	4.55E-03
CG>AT	5.78E-04	5.28E-07	6.21E-07	2.50E-04	9.79E-07	6.70E-07	1.34E-06	2.46E-04
CG>GC	1.21E-07	3.60E-07	6.70E-07	9.41E-07	8.65E-07	6.84E-07	1.21E-06	1.55E-06
CG>GT	1.21E-07	3.60E-07	6.70E-07	9.41E-07	8.65E-07	6.84E-07	1.21E-06	1.55E-06
CG>TA	1.21E-07	3.60E-07	6.70E-07	9.41E-07	8.65E-07	6.84E-07	1.21E-06	1.55E-06
CG>TC	1.21E-07	3.60E-07	6.70E-07	9.41E-07	8.65E-07	6.84E-07	1.21E-06	1.55E-06
CG>TT	7.91E-04	1.52E-03	2.44E-04	3.16E-04	1.14E-04	6.75E-07	6.53E-04	8.90E-04
CT>AA	3.92E-03	9.03E-03	3.37E-03	4.85E-03	5.34E-03	3.39E-03	4.77E-03	5.34E-03
CT>AC	5.06E-03	2.56E-03	1.21E-04	1.37E-03	4.55E-04	6.92E-07	3.15E-03	2.87E-03
CT>AG	7.02E-04	1.66E-03	1.36E-03	3.38E-03	4.24E-03	2.25E-03	3.26E-03	4.63E-03
CT>GA	3.75E-04	5.46E-07	6.52E-07	7.42E-05	8.97E-07	6.81E-07	3.19E-05	1.57E-04
CT>GC	4.26E-04	5.37E-07	6.23E-07	1.80E-04	9.72E-07	6.90E-07	1.30E-06	1.57E-04
CT>GG	7.70E-05	2.54E-03	2.68E-03	2.03E-03	2.64E-03	3.86E-03	3.09E-03	8.65E-03
CT>TA	9.53E-04	1.17E-03	1.22E-04	1.67E-04	9.46E-07	6.64E-07	2.51E-04	6.73E-04
CT>TC	5.93E-04	4.98E-04	5.24E-03	8.06E-03	3.41E-03	5.34E-03	7.34E-03	1.02E-02
CT>TG	1.21E-07	3.60E-07	6.70E-07	9.41E-07	8.65E-07	6.84E-07	1.21E-06	1.55E-06
GC>AA	1.08E-03	2.01E-03	5.40E-03	3.77E-03	1.69E-03	1.33E-02	4.72E-03	5.14E-03
GC>AG	1.15E-03	3.13E-07	1.90E-03	7.67E-03	6.73E-03	2.77E-03	8.93E-03	4.77E-03
GC>AT	3.05E-08	1.32E-03	2.53E-03	3.03E-03	4.39E-03	2.60E-03	6.77E-03	6.66E-03
GC>CA	5.80E-04	1.06E-03	6.49E-07	2.29E-04	1.14E-04	6.70E-07	2.43E-04	6.53E-04
GC>CG	4.29E-04	5.25E-07	6.35E-07	1.37E-04	9.28E-07	6.77E-07	6.40E-05	1.60E-06
GC>TA	3.67E-04	1.29E-03	1.88E-03	1.13E-03	1.74E-03	1.59E-03	3.45E-03	3.38E-03
TA>AT	1.20E-07	8.46E-04	1.17E-03	2.19E-03	8.91E-04	3.68E-03	3.78E-03	1.29E-03
TA>CG	1.21E-07	3.60E-07	6.70E-07	9.41E-07	8.65E-07	6.84E-07	1.21E-06	1.55E-06
TA>CT	3.89E-04	1.58E-03	1.68E-03	3.95E-03	8.92E-04	2.33E-03	3.10E-03	4.05E-03
TA>GC	1.21E-07	3.60E-07	6.70E-07	9.41E-07	8.65E-07	6.84E-07	1.21E-06	1.55E-06
TA>GG	4.70E-04	5.24E-07	6.12E-07	7.04E-05	9.48E-07	6.76E-07	3.19E-05	1.12E-04
TA>GT	2.94E-04	2.77E-04	1.74E-03	1.69E-03	4.41E-03	1.50E-03	2.22E-03	3.84E-03
TC>AA	1.98E-03	3.41E-03	1.30E-02	4.84E-03	6.66E-03	6.17E-03	4.82E-03	7.41E-03
TC>AG	4.10E-04	1.41E-04	2.69E-03	1.78E-03	8.61E-04	1.88E-03	2.74E-03	3.45E-03
TC>AT	1.33E-03	1.10E-03	2.84E-03	1.00E-02	6.48E-03	3.44E-03	1.48E-02	2.34E-03
TC>CA	3.39E-04	3.21E-07	3.36E-04	1.21E-03	3.29E-03	6.83E-04	1.31E-03	8.84E-04
TC>CG	1.21E-07	3.60E-07	6.70E-07	9.41E-07	8.65E-07	6.84E-07	1.21E-06	1.55E-06
TC>CT	9.59E-04	2.92E-03	3.49E-03	2.61E-03	1.05E-02	2.50E-03	4.76E-03	3.39E-03
TC>GA	4.37E-04	5.47E-07	6.34E-07	2.58E-04	9.21E-07	6.90E-07	3.19E-05	7.71E-05
TC>GG	1.21E-07	3.60E-07	6.70E-07	9.41E-07	8.65E-07	6.84E-07	1.21E-06	1.55E-06
TC>GT	2.59E-05	4.37E-04	1.75E-03	3.26E-03	2.91E-03	2.99E-03	5.53E-03	6.59E-03
TG>AA	7.15E-04	1.02E-03	1.04E-03	4.43E-03	3.00E-03	2.64E-03	3.60E-03	7.21E-03
TG>AC	8.50E-08	1.54E-04	1.14E-03	1.03E-03	1.77E-03	2.54E-03	5.89E-03	3.97E-03
TG>AT	1.47E-03	3.96E-03	1.39E-03	3.49E-03	5.13E-03	8.63E-04	3.62E-03	5.81E-03
TG>CA	4.07E-04	2.09E-04	2.20E-03	3.45E-03	7.27E-03	2.50E-03	5.47E-03	5.49E-03
TG>CC	3.91E-04	4.94E-07	6.47E-07	1.37E-04	9.57E-07	6.71E-07	3.19E-05	5.45E-05
TG>CT	1.23E-03	2.93E-03	1.41E-03	2.71E-03	5.00E-03	2.14E-03	3.60E-03	3.67E-03
TG>GA	4.55E-04	2.69E-04	1.48E-03	2.52E-03	1.37E-03	5.29E-03	3.56E-03	3.72E-03
TG>GC	1.21E-07	3.60E-07	6.70E-07	9.41E-07	8.65E-07	6.84E-07	1.21E-06	1.55E-06
TG>GT	1.55E-03	1.99E-03	6.11E-04	4.14E-03	2.82E-03	2.07E-03	8.20E-03	4.35E-03
TT>AA	1.12E-03	1.79E-03	3.30E-03	5.16E-03	3.00E-03	4.20E-03	3.61E-03	5.86E-03
TT>AC	5.52E-04	4.44E-07	3.49E-04	1.24E-03	3.14E-03	8.78E-04	1.87E-03	1.58E-03
TT>AG	4.18E-04	4.27E-07	3.32E-04	9.32E-04	2.80E-03	1.21E-03	1.51E-03	6.91E-04
TT>CA	4.38E-04	4.70E-07	1.93E-04	9.47E-04	2.96E-03	7.19E-04	1.11E-03	7.19E-04
TT>CC	3.54E-04	3.99E-07	6.34E-07	1.96E-04	9.24E-07	6.79E-07	3.19E-05	1.55E-04
TT>CG	1.21E-07	3.60E-07	6.70E-07	9.41E-07	8.65E-07	6.84E-07	1.21E-06	1.55E-06
TT>GA	1.21E-07	3.60E-07	6.70E-07	9.41E-07	8.65E-07	6.84E-07	1.21E-06	1.55E-06
TT>GC	1.21E-07	3.60E-07	6.70E-07	9.41E-07	8.65E-07	6.84E-07	1.21E-06	1.55E-06
TT>GG	1.21E-07	3.60E-07	6.70E-07	9.41E-07	8.65E-07	6.84E-07	1.21E-06	1.55E-06
