MutationType	SBS1	SBS5	SBS17a	SBS17b	SBS18	SBS31	SBS39	SBSyst
A[C>A]A	0.000876022860356064	0.0120520481367051	0.00207279918632882	0.000607768765141304	0.0516883199119327	0.00960912183117111	0.0117479311902508	0.0186119261961038
A[C>A]C	0.0022201195808427	0.00933708706453246	0.000905293428455268	0.000126994323924781	0.015617160603031	0.0183513008890373	0.00707035755018954	0.013856320452502
A[C>A]G	0.000179727205679816	0.00190813974719045	4.89499976093771e-05	5.97470711001323e-05	0.0025046687585242	0.00171712634413146	0.00275324989862116	0.0262088622339133
A[C>A]T	0.00126505263784183	0.00663587169503363	6.18574864123409e-05	0.000455634446095697	0.0214692003868359	0.00632283542744842	0.00742718362689331	0.00701059629483903
A[C>G]A	0.00183905476327572	0.0101438071817268	0.00101136578656624	0.000145944473208273	0.00173632608636201	0.00838028235171318	0.0474937731024669	0.0049002080065107
A[C>G]C	0.0011879587230825	0.00563785977413505	0.00056112414029526	4.27252221576394e-05	0.00256002822543356	0.0031346005842896	0.0222493769061908	0.00335218562730962
A[C>G]G	0.000116771913294796	0.00177405425144193	0.000156310916735826	2.28927781019408e-16	0.00197899753759936	0.00310324038096047	0.0140240444274336	0.0783736550784405
A[C>G]T	0.00112668750557787	0.0101395316368895	1.96182319366001e-05	0.000318744272597647	0.00409319334477992	0.00380578310760431	0.0435594282982662	0.0190061522119109
A[C>T]A	0.0247184780010176	0.0327413974380489	0.0012216497619909	0.000570782836999479	0.00923364161533556	0.0178282449068899	0.00963932815610322	0.0188522761862783
A[C>T]C	0.0061540156802306	0.017704857887196	0.00168633089614217	6.9206984278388e-05	0.0045961896711452	0.00920540931082517	0.00399499923115605	0.0109208225441034
A[C>T]G	0.370623898718264	0.00637421818250647	4.06202711254284e-05	0.000294629027590001	0.0125748801868293	0.00785119816382998	0.00618707842386777	0.0408158138183229
A[C>T]T	0.00946812833634737	0.0220861085159969	0.000737685558024192	0.00014688215696506	0.00799577229360196	0.0101688913721702	0.0128470203275992	0.0159331659866928
A[T>A]A	0.000783811636105609	0.007344732367776	0.00100218583421313	6.20082011390073e-05	0.00247642132964036	0.00784508896539003	0.00528335819372953	0.0123966339341813
A[T>A]C	0.00220131415270956	0.00694877566789748	0.000996729902283196	0.00028842180163688	0.000879782153423284	0.00610406937914091	0.0028871108925047	0.00701334116593624
A[T>A]G	0.00111728056139953	0.00907925311827973	0.000198514646019871	6.50992283961348e-05	0.00258662939629398	0.00502202631475941	0.00690733750272658	0.00485430082769408
A[T>A]T	0.000179455599598813	0.00617583249118727	0.0014499864598697	0.000627570780038485	0.00780414727584747	0.00415578300368906	0.00609468355683214	0.00621327023082455
A[T>C]A	0.0010679433541939	0.0459792188877034	9.57533990114523e-05	9.63801592783614e-05	0.00200898437183676	0.0203612996048291	0.0111438063596555	0.00896483537953125
A[T>C]C	0.00300089462970272	0.0134363050432649	0.0126965594373085	0.000251495827032851	0.00209424225587091	0.0074415343337138	0.0056539254978217	0.00412477054834908
A[T>C]G	0.000103887490796799	0.0380293277541979	0.000373207534517357	2.20960851329346e-16	0.00206930351703518	0.0081071279673651	0.00959463019110723	0.0161138101395501
A[T>C]T	0.00562882591091357	0.0381507071633021	0.0077365715906746	0.000539334130080469	0.00422061026142771	0.00846141395222267	0.0135437412374048	0.00550565391339178
A[T>G]A	0.000168519501762706	0.00384155378585574	0.000844415985064723	0.00139667034514378	0.0007170681842051	0.00367301875224368	0.00386053291745208	0.00556103478064101
A[T>G]C	0.000204337233009363	0.00260704426212603	0.000699810362686298	0.00447103692502844	0.000859741557673323	0.00249391961454192	0.00297733310789547	0.00273312507515894
A[T>G]G	0.000262658938995679	0.00790452519288826	0.000713660152441437	0.000980947277202029	0.001979766345625	0.0040136273927103	0.00762394888629475	0.00333818161445652
A[T>G]T	0.000109830749481241	0.00481117273103783	0.0124142676358707	0.0685073315966182	0.00183158558514788	0.000782206272088589	0.00639344255471607	0.00580612756064341
C[C>A]A	0.00030502624638518	0.00737852110914031	0.00029208536613245	0.000267858225331325	0.0734374867262265	0.0106566328020618	0.0100276185466537	0.0196531116971237
C[C>A]C	0.00173825872471949	0.00605658270412868	0.00114083948146752	4.03511845744975e-05	0.0193206141617684	0.0114755361001908	0.00893477045307675	0.0147144110424313
C[C>A]G	9.19544820464988e-05	0.00346761587777843	2.21827370404397e-16	2.22441048268914e-16	0.0120182630528982	0.000330678908515541	0.00575125597258988	0.0235315759125176
C[C>A]T	2.18022097545941e-16	0.00644522734929124	0.000135650495389082	0.000179895424856254	0.0360251456145823	0.0277877550055561	0.00598696580211062	0.00679090519368334
C[C>G]A	2.35613222368039e-05	0.0069117775127344	0.000547536296512695	0.000191750906694749	0.000608340261664552	0.00204169133123615	0.028593605360755	0.00741825843017056
C[C>G]C	7.45800391388027e-05	0.00894677607922594	0.000231118343228333	4.57509781306954e-05	0.00222778510232635	0.00184004285744438	0.0371789013334429	0.00718858989956263
C[C>G]G	0.000347295897858022	0.00249548079065557	0.000231819594296487	2.22441048268914e-16	0.00358544847744795	0.000858358017848852	0.012324119941264	0.0147436808395026
C[C>G]T	2.18022097545941e-16	0.00946425526020733	3.86158344538264e-05	0.000190768225259654	0.00376130308207347	0.00340624093616495	0.0399131053474041	0.00998180642680601
C[C>T]A	0.00195529645118705	0.0192655867452654	0.000812888425744885	0.000451701878141755	0.011611062090498	0.0410330160228923	0.0090447133623777	0.0140302299439503
C[C>T]C	0.000262195450097354	0.0187418683026783	0.00169158957596907	5.78268800836469e-05	0.0066636403945691	0.162240337968214	0.00380664613122254	0.00408722260775824
C[C>T]G	0.193380670398217	0.0175385196130411	0.00189852253949709	0.000541638965067356	0.0168255682740574	0.00824184513625361	0.00758484454921697	0.0109134091644227
C[C>T]T	0.000191624803224234	0.0229406397178162	0.00172286030640148	0.000134427350442036	0.00659964788807086	0.144416647878338	0.00694011458652624	0.012872270474819
C[T>A]A	4.22647255611115e-05	0.00353435975793	0.000432020637731996	9.30119022122192e-05	0.000540769705046038	0.0206267319803422	0.00493094730473784	0.00393097570545386
C[T>A]C	0.000387448809235948	0.00519741064896797	0.0404372832153514	0.00223266147358789	0.00306229253692668	0.0211913118611497	0.00644765011518154	0.00873537446233841
C[T>A]G	0.000318465389581822	0.00500210553477132	0.0123436637303955	0.000712507542365295	0.00320276985498905	0.0187245954913185	0.00678765809212463	0.00818028628260221
C[T>A]T	0.000257226113285384	0.00432123671222928	0.0724411225100271	0.00779170040118468	0.00226962243655234	0.0312433079018909	0.00830885216536299	0.0141692668822619
C[T>C]A	2.19186832561114e-16	0.0132788092600195	0.0110493757576617	0.000642934836872924	0.000385123812080757	0.00816057600193152	0.00732654923416513	0.0115127140373914
C[T>C]C	0.00246468708165361	0.0104148498553501	0.172732098672983	0.00643883621400791	0.00246184301988223	0.00995288628170588	0.00791939633712515	0.00450563781947019
C[T>C]G	0.000353850432868692	0.0207672245754977	0.0869033744889938	0.00389543872534445	0.00161635114177017	0.0044658660904428	0.00775589755526594	0.00569155794138197
C[T>C]T	4.21455093306053e-05	0.0149735876772596	0.426831510225056	0.018303994523964	0.00257089975113894	0.0139083112595514	0.00863035551396228	0.00623471329237204
C[T>G]A	3.48929711027782e-05	0.00258587338221432	0.000308586169808569	0.00203711965315224	0.000110748039225296	0.00197255640782884	0.00529028759415193	0.00242764689577702
C[T>G]C	0.000209005464524226	0.00461658248395806	0.00103838949491272	0.0312971295851159	0.00199149089819741	0.00143618843419166	0.00739877862596143	0.00341882585582615
C[T>G]G	0.000125813487242202	0.00612034070422119	1.93118609975542e-06	0.0136141608513313	0.00292340052184359	0.00150197290037314	0.00981215868317429	0.00692980899902883
C[T>G]T	0.000169175636045387	0.00733605302308692	0.00532036459928415	0.55012005399892	0.00415762694129501	0.000956448361254659	0.00496320794400159	0.0214811545101766
G[C>A]A	0.00155626959896502	0.0102053008592886	0.00177563180537408	0.000993828319578498	0.108982737880842	0.0131447596613552	0.00688192602218123	0.00979051996398045
G[C>A]C	0.000329319171160487	0.00754877784507113	0.0012593094186941	2.73033031616265e-06	0.0170595231665851	0.0212769504798617	0.0068563966625348	0.00497575959492568
G[C>A]G	0.000582768122955381	0.00235977957739148	0.000106578282799433	9.27433412219655e-05	0.00761873647016609	0.000983054417700092	0.00456719656791383	0.00852472111169412
G[C>A]T	2.18542738645068e-16	0.00678912471479853	4.6648162619811e-05	0.000529085494438493	0.0619759273756968	0.00350422708367719	0.00586192999413574	0.00583252424102131
G[C>G]A	9.4459654772624e-06	0.00468243215896773	0.000875845351190132	5.96496155738997e-05	0.000634899436278302	0.00183625268551756	0.0240067186820275	0.00942971910052476
G[C>G]C	0.000159316649174985	0.00501278319646553	0.000821502628601224	5.45083930025277e-05	0.00132137347070659	0.00743208828389588	0.0210131293398549	0.00301090938208555
G[C>G]G	0.000164803251125372	0.0015227637443851	2.38292953051562e-05	2.2382862654219e-16	0.00064396463021642	0.000462197395976278	0.00994096206614359	0.0088057578976586
G[C>G]T	2.18542738645068e-16	0.00668957743159034	0.000781108595357259	2.20947687752404e-16	0.00122360177643832	0.00335447378950296	0.0322455911392187	0.0133187292595821
G[C>T]A	0.00437331456924347	0.0194100820264901	0.00163597537124353	6.08445995252968e-05	0.00967846699712435	0.0068232340226882	0.00803224795902838	0.0115848298079565
G[C>T]C	9.01499088014547e-05	0.0213141962684361	2.18411477304757e-16	0.000154194913538682	0.00805643377289017	0.0112817318823453	0.00443939352250455	0.00429280316853425
G[C>T]G	0.21642836593573	0.0124039695734681	0.00161878335195365	0.000858177021047408	0.0149149867405367	0.0019924045297008	0.00552499717266398	0.00214789101106693
G[C>T]T	3.76324715873121e-05	0.0185157946767232	6.55059304873942e-05	2.20947687752404e-16	0.00665519990599377	0.00569062517862109	0.00856896727495904	0.0162248731865894
G[T>A]A	7.93494637353409e-05	0.00364293921658587	6.39330835286649e-05	9.61288810108496e-05	0.00158712604586607	0.00189145134930134	0.00492224762423827	0.00387727501024042
G[T>A]C	0.000126346023404813	0.00289509453936029	0.00337253100285632	0.000343601002227751	0.00193869704329636	0.00290347749158454	0.00350113087627519	0.0062611860348726
G[T>A]G	0.000242932687993135	0.00412278383242369	0.00069508964621796	0.000240614043202749	0.00183444800825451	0.00580470654487005	0.00668914325827669	0.00393382118129391
G[T>A]T	0.000257267500406029	0.00326151204421666	0.00484743087611687	0.001592851863081	0.00350223101019034	0.000801485798661195	0.00414173534058393	0.00675587160408004
G[T>C]A	0.0010260706517501	0.0139960335024143	0.000121730174520523	5.87838481001598e-05	0.000702303275295736	0.00450961821701845	0.00741314309537497	0.00504646320739364
G[T>C]C	0.00186091042224142	0.00789933011770473	0.0147796211595762	0.00148530692605657	0.00224690016299988	0.00655527392429912	0.0068530658345273	0.00338722877091472
G[T>C]G	0.0011554115648454	0.0150466563227142	0.00357046048488937	0.00100838250470861	0.00398967381030214	0.00516085694543905	0.00575647410832207	0.00295869190397399
G[T>C]T	7.10975689106583e-05	0.0138766195670087	0.00529177870642758	0.00148195711311966	0.0031884473069652	0.00476421849901268	0.00760499569872501	0.00591474055054298
G[T>G]A	2.17917862228831e-16	0.00250141875362299	0.000489889726728934	0.000277617837246134	0.000862999787439676	0.000302632215888214	0.00330465415095029	0.00385927440789463
G[T>G]C	2.18412117978862e-16	0.00170124112106739	0.000202351860171379	0.00618877885856899	3.67855336420335e-05	0.00087004548888719	0.00576890883022617	0.00493248664791215
G[T>G]G	0.000343660875697606	0.00531648523402569	0.000835107704448913	0.00147762980887995	0.00584417043066872	0.00256533824773286	0.00774215681467707	0.00628344030891453
G[T>G]T	1.45585484725892e-05	0.00238029605711464	0.00731154157147627	0.114927286323566	0.00216611975774778	0.00285446780004811	0.00601513641150819	0.00886147805369258
T[C>A]A	6.50649755028099e-05	0.00789481244384191	0.000190274305032279	1.23964160038532e-05	0.0740766285648105	0.00187364767545511	0.00600504651434943	0.0122043888297801
T[C>A]C	0.00249718027421162	0.00919383285851163	2.5890134404874e-05	2.22529359255909e-16	0.0436836916732799	0.00943160969666331	0.00787853983675553	0.0144724505075253
T[C>A]G	2.23914876101514e-16	0.00234586931440499	2.2575440092516e-16	9.65409751521732e-05	0.0129444998484509	0.000976866155803043	0.00306929332439628	0.00872357071822631
T[C>A]T	5.83920556565813e-06	0.012810853164459	0.000289650373401285	0.00258025507980149	0.122981486612632	0.00454230599029751	0.00660558907439019	0.0163805298428054
T[C>G]A	2.20508959530801e-16	0.0078445909906368	0.00375541391511077	0.000159953754888429	0.0021480214787086	0.000398905634129153	0.0348453367973119	0.00470107186297081
T[C>G]C	0.000200366638602751	0.00761975242363014	0.000722724601340692	6.16695713094849e-05	0.00464890663678942	0.00293606613158388	0.0367865664133496	0.0139034576415093
T[C>G]G	6.9684719288991e-05	0.0017441028381011	0.000386426452034058	1.57348592519315e-05	0.00091630750895727	0.000425524943260802	0.00980950225272167	0.0277532982135668
T[C>G]T	0.00154917698680726	0.0126091074453337	0.000284621721085291	0.00150598545513706	0.00320558301170631	0.00428939363003595	0.0511302848964249	0.00975927364838168
T[C>T]A	0.00109760065057932	0.020389910001271	0.000532768054090382	0.000107968784549689	0.0114427312417187	0.00753488420021733	0.00389625091566485	0.0120051237236082
T[C>T]C	3.68161360585349e-05	0.0230597770715122	9.05654894626093e-05	0.000602725260047393	0.0114218826852154	0.0247353516564944	0.00529245424148463	0.00934879440749326
T[C>T]G	0.110451284175635	0.0162170965647997	0.0001799933737106	6.33454978916467e-05	0.012027173087537	0.00860255955005612	0.00495573606530429	0.0038611966421985
T[C>T]T	2.21452864139757e-16	0.0211833005081606	0.000349994201193219	0.000898571321565107	0.00378016864588009	0.0197271641004012	0.00426589950911	0.00747528258271841
T[T>A]A	0.00652536121912729	0.00622389901853831	0.000117027361175677	0.00116824875207666	0.0106454128609929	0.00662771301086193	0.00659713265629059	0.017178463116969
T[T>A]C	2.23458694616433e-16	0.00421396214023788	0.00578458778890884	0.000245166338049978	0.00277688893997694	0.00382804707195444	0.00375502277366526	0.00711896593184795
T[T>A]G	2.77413168349881e-05	0.00482061500777009	0.00183622246876959	2.23371100591355e-16	0.00180021983072328	0.00330042905088544	0.00549358057312038	0.00885020272388001
T[T>A]T	0.00222100529801663	0.00877350288807731	0.00197941762563075	0.00130734873786408	0.00711424626391767	0.00892963381103051	0.0107261698271933	0.0149009928635317
T[T>C]A	0.000247614153404384	0.017754387057637	0.00205535449459803	0.0010406249388246	0.00177423547683216	0.004540478017889	0.00585754379347774	0.0181012478794232
T[T>C]C	0.00339697298094039	0.009883471589785	0.0155270514333869	0.00111439244568172	0.00628614419379396	0.0105143692909682	0.00655348148032636	0.00413983686642085
T[T>C]G	0.000412156707262679	0.0127811713149645	0.00235799060197187	0.00121201359513695	0.00327861265260217	0.0040473151357953	0.00501062843482408	0.00481582221148348
T[T>C]T	0.00427420130684977	0.0185496918205062	0.0209938233021443	0.000997976135774103	0.00337676195907078	0.0121676316569222	0.00950318597773759	0.0105609283228177
T[T>G]A	2.16541004741874e-16	0.00514877224671474	2.18319951100843e-16	1.19770040128868e-05	0.000686037717708436	0.00222572451857304	0.00827353407866637	0.00885920950117327
T[T>G]C	5.52133366518628e-05	0.00667719604829963	0.00011772143570411	0.00886448536337728	0.00213606841536688	0.00242953387500041	0.00516951644721396	0.00190571604652649
T[T>G]G	0.000577613846957071	0.00698435660833494	0.000923128235665582	0.00478795453285506	0.00145827863382612	0.00539978453279423	0.00732477409749385	0.00387381482190651
T[T>G]T	2.20126302870092e-16	0.0135362615987478	0.00457865289161051	0.121753088564441	0.00517035362279086	0.00734080256987869	0.0109266589828417	0.0154848615617759
