Samples	ID83A	ID83B	ID83C	ID83D	ID83E	ID83F
C001	3.39E-01	4.38E-01	5.93E-01	7.28E-01	5.59E-01	6.26E-01
C002	8.00E-01	8.76E-01	8.14E-01	7.77E-01	9.91E-01	1.02E+00
C003	2.16E-01	2.97E-01	2.12E-01	3.33E-01	2.69E-01	3.26E-01
C004	1.07E-01	1.45E-01	1.33E-01	2.13E-01	2.24E-01	2.05E-01
C005	5.95E-01	1.21E+00	9.21E-01	7.81E-01	1.00E+00	3.71E-01
C006	3.61E-01	3.39E-01	3.78E-01	5.04E-01	4.42E-01	3.61E-01
C007	6.85E-01	1.03E+00	6.94E-01	9.87E-01	1.29E+00	4.32E-01
C008	2.51E-02	6.15E-02	4.14E-02	2.71E-02	5.75E-02	4.99E-02
C009	1.21E+00	1.19E+00	8.71E-01	1.51E+00	1.01E+00	7.44E-01
C010	1.14E-01	2.43E-01	2.24E-01	1.18E-01	2.22E-01	7.09E-02
C010r	2.95E-01	1.32E-01	1.42E-01	2.67E-01	2.00E-01	1.82E-01
C011	1.40E-01	2.23E-01	1.44E-01	1.94E-01	2.86E-01	1.98E-01
C013	1.43E-01	8.16E-02	1.95E-01	2.34E-01	1.80E-01	3.28E-01
C014	2.13E-01	1.93E-01	1.72E-01	3.32E-01	3.70E-01	2.69E-01
F001	2.53E-01	2.36E-01	2.93E-01	1.35E-01	2.97E-01	1.70E-01
F002	1.80E-01	1.48E-01	9.70E-02	2.31E-01	1.99E-01	1.98E-01
F002r	1.20E+00	5.32E-01	1.03E+00	8.42E-01	9.14E-01	6.20E-01
F004	2.43E-01	2.84E-01	2.48E-01	3.37E-01	3.37E-01	3.40E-01
F005	7.00E-02	2.12E-01	1.58E-01	1.50E-01	2.02E-01	2.08E-01
F006	4.01E-02	6.56E-02	4.36E-02	9.05E-02	4.25E-02	1.18E-01
F007	6.52E-01	1.60E+00	1.18E+00	1.23E+00	1.39E+00	6.03E-01
F008	5.24E-02	1.86E-01	1.13E-01	1.73E-01	2.36E-01	1.65E-01
F010	2.32E-01	3.16E-01	2.96E-01	2.33E-01	3.55E-01	2.03E-01
F011	2.42E-01	3.17E-01	2.38E-01	3.49E-01	3.40E-01	2.47E-01
F012	4.22E-02	1.06E-01	8.75E-02	1.91E-01	1.67E-01	1.74E-01
F013	1.12E-01	2.17E-01	1.74E-01	2.03E-01	2.60E-01	2.87E-01
F014	2.32E-01	4.10E-01	2.08E-01	4.57E-01	4.01E-01	2.28E-01
F015	5.59E-01	6.27E-01	5.50E-01	7.98E-01	6.20E-01	3.58E-01
F016	2.94E-01	5.30E-01	3.56E-01	5.14E-01	5.52E-01	2.20E-01
F017	4.39E-01	7.02E-01	6.81E-01	3.79E-01	6.82E-01	4.66E-01
F018	1.99E-01	1.36E-01	2.25E-01	1.09E-01	2.16E-01	2.21E-01
F019	6.96E-02	1.35E-01	7.55E-02	1.89E-01	1.67E-01	1.74E-01
F020	2.04E-01	7.15E-01	3.73E-01	7.77E-01	5.73E-01	2.20E-01
F021	1.26E-01	1.86E-01	1.95E-01	1.38E-01	2.49E-01	2.01E-01
F022	3.87E-01	5.57E-01	3.98E-01	8.19E-01	8.44E-01	5.19E-01
F023	1.00E-02	6.20E-02	3.35E-02	3.95E-02	6.60E-02	4.28E-02
F024	1.08E-01	6.31E-02	1.13E-01	1.29E-01	1.56E-01	1.93E-01
F026	6.22E-01	1.05E+00	7.06E-01	8.13E-01	7.93E-01	4.26E-01
F027	1.81E-01	1.84E-01	1.78E-01	8.16E-02	1.77E-01	1.48E-01
F029	2.12E-01	6.22E-01	4.12E-01	4.44E-01	3.72E-01	2.02E-01
F031	6.79E-01	4.73E-01	6.76E-01	6.61E-01	7.94E-01	6.47E-01
F034	2.64E-01	1.21E-01	1.84E-01	2.62E-01	3.64E-01	4.66E-01
F036	3.66E-01	7.43E-01	3.40E-01	5.53E-01	7.25E-01	5.00E-01
F037	8.36E-02	5.00E-03	1.35E-01	8.58E-02	8.39E-02	7.86E-02
F038	1.74E-01	1.73E-01	1.35E-01	3.07E-01	2.82E-01	4.14E-01
F039	2.80E-01	3.64E-01	3.11E-01	3.72E-01	4.53E-01	3.37E-01
F041	3.29E-01	5.06E-01	4.78E-01	7.20E-01	7.84E-01	4.47E-01
F042	5.94E-01	2.68E-01	3.33E-01	7.06E-01	4.71E-01	3.56E-01
F043	3.44E-01	2.75E-01	2.74E-01	4.80E-01	3.71E-01	1.94E-01
F044	2.21E-01	3.26E-01	2.16E-01	2.97E-01	3.08E-01	2.65E-01
F045	2.48E-01	3.86E-01	2.19E-01	5.72E-01	3.82E-01	3.44E-01
F046	9.08E-02	3.61E-02	4.69E-02	9.25E-02	5.83E-02	3.44E-02
F048	3.92E-02	1.45E-01	6.79E-02	8.92E-02	1.72E-01	1.92E-01
F050	9.26E-02	8.31E-02	8.39E-02	2.21E-02	5.57E-02	2.12E-02
F052	1.13E-01	5.97E-02	1.05E-01	5.61E-02	1.26E-01	1.46E-01
F053	1.94E-01	1.25E-01	9.19E-02	2.90E-01	1.33E-01	2.47E-01
F054	1.23E-01	2.55E-01	1.81E-01	2.57E-01	2.22E-01	2.82E-01
F055	5.64E-01	1.13E+00	9.58E-01	4.62E-01	8.89E-01	3.85E-01
F056	1.25E-01	1.80E-02	1.22E-01	3.76E-02	4.37E-02	5.00E-03
F057	4.66E-01	5.42E-01	5.14E-01	6.30E-01	8.27E-01	4.99E-01
F058	5.91E-01	1.11E+00	9.23E-01	1.16E+00	1.12E+00	6.59E-01
F059	1.34E-01	4.84E-01	3.45E-01	2.42E-01	4.73E-01	3.54E-01
F059r	3.01E-01	9.99E-01	6.75E-01	7.31E-01	1.12E+00	2.38E-01
SJ01	3.80E+00	2.72E+00	5.60E+00	3.08E-01	2.78E+00	3.71E-01
SJ02	1.90E-01	2.18E-01	2.63E-01	2.21E-01	2.68E-01	1.53E-01
SJ03	5.21E-01	3.71E-01	5.44E-01	5.49E-01	4.94E-01	4.37E-01
SJ04	2.31E-02	5.18E-02	2.65E-02	5.09E-02	6.44E-02	5.18E-02
SJ08	2.67E-01	4.04E-01	4.06E-01	4.54E-01	3.48E-01	4.11E-01
SJ09	2.52E-01	2.68E-01	3.08E-01	3.22E-01	5.18E-01	4.90E-01
SJ10	2.94E-01	2.50E-01	1.77E-01	3.95E-01	3.27E-01	3.29E-01
SJ12	2.85E-01	3.59E-01	3.77E-01	3.95E-01	5.28E-01	2.69E-01
SJ13	8.15E-02	9.69E-02	1.00E-01	5.91E-02	9.19E-02	4.24E-02
SJ14	1.36E-01	1.53E-01	1.24E-01	1.41E-01	1.14E-01	1.38E-01
SJ17	2.72E-01	2.71E-01	3.87E-01	4.95E-01	4.81E-01	4.95E-01
SJ18	1.48E-01	7.90E-02	2.04E-01	1.39E-01	1.33E-01	2.01E-01
SJ19	1.60E-01	4.64E-01	2.59E-01	3.06E-01	4.96E-01	4.34E-01
SJ20	5.54E-01	8.81E-01	6.75E-01	1.46E+00	1.03E+00	8.26E-01
SJ25	1.28E-01	1.56E-01	2.19E-01	2.33E-01	1.89E-01	2.67E-01
SJ28	1.23E+00	1.07E+00	9.34E-01	1.67E+00	1.01E+00	1.52E+00
SJ31	4.68E-01	2.44E-01	6.51E-01	9.72E-01	6.57E-01	1.21E+00
SJ32	1.50E+00	7.53E-01	1.39E+00	6.73E-01	1.00E+00	7.41E-01
SJ33	1.74E-01	2.08E-01	2.34E-01	3.81E-01	3.40E-01	2.86E-01
T135	9.22E+00	1.50E-02	8.97E+00	1.34E+00	1.64E+00	1.29E+00
