MutationType	ID83A	ID83B	ID83C	ID83D	ID83E	ID83F	ID83G	ID83H	ID83I	ID83J
1:Del:C:0	0.08356788517315408	0.04822655795390801	0.023097451894882395	0.037833579069758795	0.027327882471600163	0.10222678480830837	0.02857682340675524	0.05140875720088843	0.08676850268601967	0.048858893263838465
1:Del:C:1	0.028016546825991497	0.08069509891284837	0.009107330241519662	0.02225356388911216	0.03834368042793784	0.018245445801921393	0.03378551530694722	0.030252567609010617	0.00584084013097879	0.013643873788888934
1:Del:C:2	0.002078642369467758	0.017061400594205623	0.027048205376609374	0.007589934001526331	0.011795542986294266	0.006427389100444287	0.015052877778504267	0.017701404358405882	0.0014721699773120633	0.006941926287733082
1:Del:C:3	0.0048113431724236475	0.003478594941252684	0.0028160393170677113	0.005888270687062373	0.0030284544054876507	0.002194926451600878	0.004206787518723178	0.009606213673823163	0.0005880642571367634	0.0018316173223021793
1:Del:C:4	0.0001650991229880816	0.007103089092404104	0.001866246471825841	0.004328683269795865	0.003824542162698268	0.0038717326886542835	0.004256178657024013	0.010215379537823565	0.004760647103122863	0.009807953554366238
1:Del:C:5	0.00016116574073194557	0.0043166508795234645	0.008555791030659989	0.00331064510234782	0.007405781589578595	0.007936227155439433	0.011424821675519468	0.0023445657830797727	0.006899207546837971	0.012538865459811177
1:Del:T:0	0.061637712331190926	0.23259265856817365	0.014257567144427412	0.005704568198225814	0.013091905461953815	0.033324042411321066	0.02419261074630384	0.01756604807131614	0.007734591137573403	0.011903947231298295
1:Del:T:1	0.03478774507010954	0.08606831397431998	0.007900311969358143	0.00608169616349052	0.007163394148279068	0.01530856340828194	0.0033534838153657987	0.05890901326261797	0.008510639382442661	0.004511831812688527
1:Del:T:2	0.03179810442489156	0.018774295076834733	0.013895599038765312	0.03663641844695263	0.015084371140463375	0.019239939959601143	0.011500097300354355	0.03658439570440853	0.0016261202229068772	0.007062788381482612
1:Del:T:3	0.0034202739834351802	0.0032378693024472226	0.022751965021164368	0.05997573300736889	0.005550033724141486	0.01796747566760516	0.012558389371426415	0.01927969789771879	0.01678385726568262	0.02562528602136979
1:Del:T:4	0.0004648910725852895	0.019350861957473313	0.02646813584182337	0.009635631718340178	0.01373859246435785	0.02044243186061994	0.015312895446366213	0.016799035655767083	0.012423137679238323	0.014883384129273125
1:Del:T:5	0.000743559815471464	0.016747221436972274	0.28384182346984743	0.023895214397987842	0.047066049547973776	0.009376621391507314	0.019380860464511044	0.02357150946903559	0.0014923563868136113	0.020403107547570586
1:Ins:C:0	0.004050194878002458	0.011478448245384812	0.015151776493418936	0.013262952761242558	0.03566775701708757	0.01711229941702712	0.11135386949614486	0.012863612972884369	0.04035812840713561	0.020728290424785027
1:Ins:C:1	0.006005536691579891	0.008226435353059643	0.008786223014341132	0.0013536955682187113	0.018598367391267093	0.018305918987181046	0.00535011126776551	0.010879627921500656	0.01063814088182779	0.009783042091346204
1:Ins:C:2	0.0042020312570190295	0.00038177974130488846	0.00634123028134538	0.0023222658452796007	0.001938875139738956	0.003049707698113764	0.0044410051721725805	0.005327663074828308	0.002230982288150609	0.006875736709979545
1:Ins:C:3	0.00037358480295299754	0.00307621804659151	0.015791661096473533	0.00048435761096333297	0.009194618358273203	0.002083230865663186	0.00592306720923716	0.0033984091357610424	0.00043610969992236904	0.003369019097857846
1:Ins:C:4	0.00204508054419172	7.797557942582855e-05	0.0028573965488400787	0.0035194279733689626	0.0031329154255246294	0.0027428495817671105	0.005855851058465334	0.0028860705313709977	0.0013762825993316595	0.0038582938249720655
1:Ins:C:5	0.0005530004155246715	0.01541741685251452	0.01018455737416069	0.008878358873023445	0.0076492422573747375	0.009367259152363375	0.008547885081050222	0.006250933133608321	0.0038215772455779274	0.0024062413662588257
1:Ins:T:0	0.011729201575686047	0.003748609078806311	0.002769902071650634	0.01240564483318054	0.004715829373755298	0.019640624832764093	0.008786340391523848	0.010496118125644868	0.3021306661143899	0.03316916505183699
1:Ins:T:1	0.044735496216954405	0.03027818855200053	0.0057299659177715515	0.02144909079503492	0.0060754812268461935	0.030725117463433094	0.01730851171685515	0.09404239478017246	0.027923660455730612	0.015974001617134945
1:Ins:T:2	0.014977876644736482	0.007052006835314444	0.002868547179797929	0.008314143410193183	0.007822755735192572	0.010583219707995539	0.004865840076830441	0.015946446958789197	0.015127953403296814	0.008136499692581544
1:Ins:T:3	0.008290797852691583	0.013238550192941432	0.013605903801100397	0.004248875442881168	0.018382864590311528	0.003694802186483219	0.005221627627257135	0.010773695909388583	0.00896432076579373	0.021221592862190802
1:Ins:T:4	0.0001367600857278628	0.0006161433486679258	0.005785936069860229	0.005475983136212506	0.007030952050763943	0.0033630123207635874	0.0038424067808186992	0.0030260383847459595	0.002033276499390535	0.004622147265290089
1:Ins:T:5	0.015816764522333996	0.08512268344848735	0.09995864446643964	0.02458645554499526	0.29289974201470614	0.027328858324831343	0.07690331911453882	0.047916293516643546	0.003634205191103277	0.03491194711217103
2:Del:R:0	0.024971467417768737	0.01948052475862994	0.008325681106812225	0.01809312058527766	0.021377177561666086	0.0308891281832733	0.027559703465610604	0.009520486218719242	0.015786521182134264	0.04057151657202574
2:Del:R:1	0.021342460809669454	0.009331518883993795	0.02311934945400367	0.22481713818386198	0.013329865217712608	0.018769707804832832	0.05398478091771977	0.038509912190947945	0.008181036937310466	0.02244348100349342
2:Del:R:2	0.002555850485951918	0.0033493957348137114	0.009374774801808315	0.008995140978033191	0.02260533838043317	0.01096914139370063	0.040145687657083186	0.005950999557918913	0.0008678529150640114	0.0070831732919529955
2:Del:R:3	0.005848981748717747	0.0015483044149530525	0.0011564787061898807	0.0019427269645434465	0.0022528985772613907	0.007013101736202336	0.004029289876163562	0.007487005688294879	0.0031293028897163566	0.002100571879446349
2:Del:R:4	4.7312795887014534e-05	0.0018020354673186478	0.0018496043713416555	0.0009946837677865617	0.0004973367932611694	0.0006438774844037098	0.000554213561280914	0.0012757325380270857	0.0007500421755087672	0.0013972647710430762
2:Del:R:5	1.9873362131050953e-07	1.036681984913912e-06	0.0056030398147922785	0.005041157197298371	0.0016449509062897861	0.0015185399542855117	0.0030353357394800186	0.001546305240039132	7.546183825447361e-05	0.0010293846593973878
3:Del:R:0	0.009423609006818197	0.01164964428905364	0.0009696246924022489	0.0033216998795181497	0.0026403877776490603	0.021248908669905378	0.008684331176791033	0.00465149517918185	0.015719878366368966	0.012518603655709093
3:Del:R:1	0.007922020195292135	0.0020831884875366314	0.05369755738563981	0.043723234640212355	0.04500181410824638	0.018414209666933346	0.04684866356345793	0.01450100127891659	0.0034915648652329876	0.027959629760382312
3:Del:R:2	0.00025994248671916577	2.753713445510897e-05	0.0027441440170446895	0.012054502117724013	0.002416132559766357	0.00526046741413472	0.007125140460799813	0.006666816271219887	0.013526600609025649	0.00952842881649417
3:Del:R:3	0.00012042581203684399	0.0002752244052381236	0.0012562943500009104	0.0053078512038856294	0.004657374518997202	0.005137253613689019	0.004333500570816433	0.006476768122621906	0.0045994234425830935	0.004747463011032238
3:Del:R:4	1.4905482220912702e-05	0.0002957737257792603	0.0012374071631092852	0.0022789174978349058	0.0021297074477356404	0.0016109342108146408	0.0013523359303269852	0.001081982473324503	0.0002768905512836994	0.0014974091852342042
3:Del:R:5	0.0021205326850538596	0.0006932933200493796	0.0005234152804759518	0.0008204984945924565	0.000692334071812959	0.0015972156418636984	0.0009004882766974732	0.000659811825701091	0.000923761080642862	0.00037497762728381454
4:Del:R:0	0.013700728663605445	0.00026121113870146927	0.00478375677286341	0.0022411688802433005	0.005602671718195345	0.006533718379558593	0.005302842436216043	0.0035929616647958794	0.0004906779354668789	0.0032377033339630757
4:Del:R:1	0.007003621719384032	0.001487351667617176	0.00447489324307782	0.004902506840602001	0.0057878674988748454	0.018432891741050988	0.018269630108632313	0.013603344557274894	0.008542031320339092	0.02249473919055859
4:Del:R:2	0.00047169525700061497	0.0006171835066235687	0.003374056502201953	0.009320128892813813	0.0018230668271559125	0.004971221466909288	0.008297422990683714	0.002389181950645707	0.0020451083099923308	0.007552380077327996
4:Del:R:3	0.001899915238849701	0.0004542436108743031	6.784992730416661e-05	0.001000928613789469	0.0007799801966347709	0.002384194502038639	0.001297130147938077	0.0013848731496992261	0.0034924127200420684	0.000807132037961411
4:Del:R:4	3.9514729530010226e-07	1.0718265426135076e-06	1.8122805644438245e-06	3.0195012747924466e-06	4.379701609735775e-06	3.5288146696288438e-06	3.6722741709382945e-06	2.7579102369301724e-06	5.486830255563291e-06	4.3199190301379534e-06
4:Del:R:5	3.9514729530010226e-07	1.0718265426135076e-06	1.8122805644438245e-06	3.0195012747924466e-06	4.379701609735775e-06	3.5288146696288438e-06	3.6722741709382945e-06	2.7579102369301724e-06	5.486830255563291e-06	4.3199190301379534e-06
5:Del:R:0	0.07989371476497581	0.00903462099601299	0.014959130371570595	0.012965386521661343	0.011791099994571078	0.010932927498368201	0.021076439266898887	0.020031675085218126	0.008097834724014454	0.021486200944277698
5:Del:R:1	0.004902437601557636	0.006958536616388357	0.0014265444498659007	0.019076988937372655	0.0038896831664885843	0.02229700006954289	0.01165340158665475	0.010820365378456742	0.016758483566035806	0.00990368950740562
5:Del:R:2	0.003602845891315329	0.0004807598199635121	0.0004238278280517971	0.0037854289703574294	0.0013369993698459837	0.003225940819543336	0.0021661505312072647	0.002623333683988758	0.002812993862728739	0.0014096079930806993
5:Del:R:3	0.002371334686534965	0.0004393145962227685	0.00040611179983915944	0.003312894913957969	0.00034301047269532427	0.0038585642731622017	0.00048597944126765213	0.0014869931254828828	0.0011368522085827947	0.0016261998108756614
5:Del:R:4	0.00022306875476222566	6.735795301285875e-05	9.025127025279467e-05	0.0006056833249958515	0.00025082141914595013	0.0002363038251332483	0.00044031727851098876	0.0005820417372969189	0.00024806105247193955	0.0009459738250255967
5:Del:R:5	3.9514729530010226e-07	1.0718265426135076e-06	1.8122805644438245e-06	3.0195012747924466e-06	4.379701609735775e-06	3.5288146696288438e-06	3.6722741709382945e-06	2.7579102369301724e-06	5.486830255563291e-06	4.3199190301379534e-06
2:Ins:R:0	0.0024831731178836945	0.0016486165769239137	0.00820330599187983	0.006970996464260466	0.015719040784063693	0.008351851408589734	0.009574116918495293	0.0073546510365647385	0.047399085876260044	0.12464964198744945
2:Ins:R:1	0.004856970915534475	0.007698288541528875	0.004474239935487567	0.007341749870069663	0.009493550969750074	0.026429266538276222	0.01075630066842617	0.007560209139861911	0.022379448952030003	0.01205950484617663
2:Ins:R:2	0.00829266615884947	0.00594745641241726	0.0029875401463768723	0.0009947397182511963	0.001848983015819432	0.0021011198001476927	0.0010064514894218312	0.004227691945386525	0.0010721984630886184	0.0039055874584447993
2:Ins:R:3	0.006268387323708353	9.53882987258492e-05	0.0025697589985912827	0.0036739022512391984	0.0017436809467548289	0.0034497055884644113	0.003344764068859849	0.0023984946514827767	0.001930261965885407	0.006286612697883384
2:Ins:R:4	0.0002946186100674719	0.00260648264481957	0.0013422549111136073	0.001595514237699156	0.0012878265950481715	0.0015965621718771316	0.0021457465278565736	0.00338081113467144	0.0037569794822266546	0.002626852691978385
2:Ins:R:5	0.008377665275786796	0.003873858574775255	0.00363685929540418	0.002216597884062392	0.004582287298298233	0.0036406938740003625	0.005444994421143683	0.004306927641374414	0.0009016757301590416	0.004254007103318536
3:Ins:R:0	0.004524909286330576	0.00020428390058139457	0.002340895053160068	0.00304008784674771	0.005496978044524922	0.006640147304327719	0.0061896760902776645	0.014724021634831103	0.0038717789100790865	0.010354061849627528
3:Ins:R:1	0.01251011410370154	0.00028924863540058965	0.0018316248927726874	0.005304244842793366	0.000997866922963322	0.0028511078068223796	0.0020917687268677556	0.00294732645609507	0.0008353242574034714	0.0022177222129058593
3:Ins:R:2	0.00034615097293593243	0.0025713310726747096	0.003444281858312812	0.0013442506658410025	0.0041257279893959975	0.0010554745004749577	0.003073441771946719	0.0016640957515672362	0.00019645162271700656	0.0011878809550951797
3:Ins:R:3	3.9514729530010226e-07	1.0718265426135076e-06	1.8122805644438245e-06	3.0195012747924466e-06	4.379701609735775e-06	3.5288146696288438e-06	3.6722741709382945e-06	2.7579102369301724e-06	5.486830255563291e-06	4.3199190301379534e-06
3:Ins:R:4	0.0018375533240019997	0.0003626754589345915	7.929549327144958e-05	9.978220588461373e-05	0.0001099741606955007	0.0005356947957866964	0.0002360113837842448	0.0025024196413111354	5.665327865003178e-05	0.0001956331384572607
3:Ins:R:5	0.00031582886097368144	0.0004343363388778343	0.0022394350305830722	0.0005116136986804776	0.0018701516776800276	0.0024444344902118066	0.0011851234478556449	0.0021366109584341686	0.0007002952870593049	0.002918719619221264
4:Ins:R:0	0.006187696471210789	0.0005633569961237939	0.007980111256918061	0.006193008981762987	0.002486941264043736	0.012519276714524281	0.0031227176843539083	0.0056564308576224675	0.006449985385232944	0.011395797859240275
4:Ins:R:1	0.004924286431784424	0.009105075278799422	0.013565347448787896	0.0031654270555152774	0.004572082532857631	0.0032834554967492834	0.004804811586988791	0.00732871415461311	0.002878534497983729	0.006527756393509208
4:Ins:R:2	0.00016621669788628558	0.00037659749750002636	0.0003451990441617525	0.0005402928627008663	0.0011681865655174305	0.0014694196965679752	0.0016357290585532524	0.0008566783228986453	1.4102613438353728e-05	0.0006610767944801844
4:Ins:R:3	0.001854528315904851	9.345872005095401e-05	0.00200475390729828	0.0006033203050218594	0.0013269139662057704	0.001266902756704944	0.0014767983772010496	0.002337084399014673	0.0005181678255307886	0.001822217700873594
4:Ins:R:4	0.007832911848526579	0.00020767009220241662	0.0015445113377074193	0.0018230831467415242	0.0009255156935846998	0.0008375277337030696	0.0018043071806956767	0.0013141288485779513	0.00033636667397978214	0.001884142809383782
4:Ins:R:5	0.011485327701895046	0.0010581330129587928	0.00175143961618744	0.002276190231259907	0.01059211822571843	0.0068627861030017105	0.008577038901839416	0.006345546578407912	0.0034657631047891025	0.01569432980149088
5:Ins:R:0	0.03743804617431294	0.012028353344943099	0.0019598883304782076	0.0006544063961031554	0.005916584771593047	0.06295484634996114	0.005507104803929952	0.015049401650008893	0.0037463657470837575	0.007505356127646712
5:Ins:R:1	0.01097322875961993	0.011338927511272629	0.015201818069964047	0.004754703868862187	0.009634643081105985	0.01725808039411458	0.010961836850454584	0.008510502919173008	0.024787585382695595	0.050015710739642574
5:Ins:R:2	0.004580554545903848	0.00023957417351280874	0.00022556405005600856	0.000878132684596622	0.0006680356610362991	0.0049126204360923605	0.0012025745090727292	0.0018730687176971373	0.004478313766010231	0.002665051390009303
5:Ins:R:3	0.00014204818611227133	0.00052279456940584	0.0010120243711194288	0.0006483622253463839	0.0019362046884303296	0.0033696333033229565	0.0014039856786215664	0.002659324758675936	0.0029134305831374795	0.005371418811092959
5:Ins:R:4	0.01088923134885853	0.0002682979300456312	0.0010700841192001142	0.002007112350274234	0.0010942995908232334	0.003067438189187417	0.002448679873663	0.002236253974122562	0.00038812426879047734	0.0014892180274625043
5:Ins:R:5	0.004200424872122284	0.00035355320490290773	0.0007170530858193302	0.0010259674963217424	0.0005961450253706913	0.0022900138456514794	0.0013058634026256754	0.0022835262443039682	0.003505016521408937	0.002422145658441597
2:Del:M:1	0.009126600347890416	0.01424079067255434	0.015882390586515385	0.08713032123531889	0.023632033782555625	0.08178712362476404	0.05115466967379234	0.028708375770455916	0.09674939039767139	0.055849093762217306
3:Del:M:1	0.019263717985462562	0.006780614706054564	0.011077267392328026	0.00376498842982528	0.003671102317750581	0.005469156248269371	0.005095117894873198	0.011093126972818794	0.0007682316785004417	0.0037742095468431104
3:Del:M:2	0.004922895882125431	0.0008731300230861195	0.02381848073118647	0.011145330126702921	0.023313769157250305	0.025512124600655373	0.02563124791095959	0.02906821487906768	0.005631012393413464	0.02953079592806759
4:Del:M:1	0.005289037016547482	0.008390151688031438	0.006260954931118583	0.005921986412133436	0.011989633254712473	0.008040689298927504	0.010238435675947599	0.013467393904837123	0.0023835541991089324	0.008188743954142647
4:Del:M:2	0.0019309395728838651	0.0008909414730497152	0.0021513671437117664	0.01468118545878781	0.0020449352493803656	0.00791801852789262	0.0074280074226516744	0.007762494873294656	0.013535416552093978	0.00571021748883255
4:Del:M:3	0.0048291694807013385	0.0008656466334243618	0.005320342834085352	0.0275856735488577	0.024548923076223444	0.02191319217304681	0.016561950840655086	0.016395268972185982	0.0087854167831388	0.006031775438458738
5:Del:M:1	0.09215415374300279	0.027354893313319622	0.02565716558112385	0.026154885175058384	0.03507488534826678	0.00911242639345602	0.04944571898738673	0.02926409390875051	0.002956487783488635	0.008341455568941001
5:Del:M:2	0.08599214994885529	0.045143417523356676	0.038201252047487345	0.011487343775510332	0.01154686273500147	0.01543573559096835	0.010824149077420842	0.01756291143378217	0.0008629473228792861	0.011540233611024747
5:Del:M:3	0.035393952714198915	0.021229578786828397	0.0016755316648385588	0.022158690944876012	0.0012389195747090297	0.009613495986585861	0.005799389012114275	0.025322054918909487	0.0023532863471217524	0.004792274891104284
5:Del:M:4	0.01637541791845436	0.004793683152444678	0.010612969103347681	0.012050265103282491	0.004816921776400845	0.01200062867449839	0.011807903198391827	0.011826795169409649	0.005229925915429376	0.015558061018586321
5:Del:M:5	0.02067147733620686	0.0208399853950084	0.007505745843948475	0.006206797441229952	0.012530611011118253	0.02349151557811508	0.00715491207471473	0.02697534646951297	0.03961226168835168	0.028770448602940063
