NMF_Replicate	L1	L1 %	L2	L2 %	KL Divergence	Correlation	Convergence Iterations
1	128.763	72.079	19.205	53.893	0.595	0.712	80000.0
2	122.766	70.446	18.173	53.224	0.564	0.718	160000.0
3	125.575	72.86	18.547	54.264	0.593	0.708	80000.0
4	121.621	72.329	17.967	53.977	0.592	0.703	120000.0
5	127.391	74.302	18.916	54.713	0.611	0.701	140000.0
6	126.022	72.266	18.851	53.844	0.577	0.717	60000.0
7	123.421	72.189	18.338	53.376	0.598	0.716	80000.0
8	124.009	73.196	18.52	54.377	0.616	0.702	60000.0
9	129.367	73.3	19.112	54.229	0.589	0.709	80000.0
10	124.282	72.254	18.724	54.201	0.595	0.704	140000.0
11	124.34	71.934	18.099	53.097	0.583	0.72	100000.0
12	132.687	71.445	20.132	53.731	0.574	0.719	120000.0
13	127.322	72.156	19.003	53.987	0.574	0.716	80000.0
14	126.209	71.451	18.726	53.781	0.566	0.717	100000.0
15	125.015	70.783	18.535	53.198	0.57	0.72	60000.0
16	126.082	73.226	18.789	54.029	0.606	0.706	60000.0
17	127.213	71.78	19.091	53.612	0.571	0.716	80000.0
18	126.138	73.163	18.486	53.916	0.596	0.712	80000.0
19	124.569	72.532	18.307	53.996	0.589	0.706	60000.0
20	124.055	72.041	18.415	53.948	0.57	0.713	120000.0
21	124.595	71.956	18.556	53.298	0.578	0.717	100000.0
22	129.161	72.7	19.205	54.419	0.579	0.713	140000.0
23	127.087	72.723	18.963	53.966	0.595	0.712	100000.0
24	126.521	72.45	18.541	54.303	0.578	0.708	100000.0
25	123.564	71.055	18.448	53.521	0.563	0.718	80000.0
26	124.448	72.18	18.548	53.928	0.585	0.713	140000.0
27	123.822	71.853	18.585	53.732	0.579	0.715	160000.0
28	131.669	72.169	19.732	53.726	0.583	0.716	80000.0
29	125.092	73.061	18.488	54.257	0.597	0.708	80000.0
30	123.236	72.485	18.249	54.131	0.591	0.705	140000.0
31	123.408	73.587	18.174	54.733	0.606	0.697	80000.0
32	123.138	71.917	18.373	53.403	0.575	0.72	100000.0
33	125.072	72.141	18.545	53.714	0.578	0.714	80000.0
34	125.598	73.479	18.82	54.896	0.592	0.701	80000.0
35	126.057	72.644	18.638	53.968	0.601	0.713	140000.0
36	127.454	72.325	19.055	54.304	0.58	0.709	100000.0
37	125.2	72.526	18.35	54.46	0.581	0.702	60000.0
38	124.219	72.847	18.427	53.849	0.588	0.711	120000.0
39	123.794	72.236	18.411	53.971	0.579	0.71	80000.0
40	122.78	72.627	18.278	54.06	0.602	0.706	140000.0
41	126.275	72.912	18.519	53.526	0.594	0.718	80000.0
42	123.872	71.18	18.485	53.371	0.568	0.722	60000.0
43	124.879	72.507	18.593	54.159	0.593	0.707	100000.0
44	126.418	72.334	18.654	53.768	0.591	0.712	80000.0
45	124.816	72.361	18.745	53.91	0.585	0.716	80000.0
46	126.918	71.982	19.001	53.619	0.573	0.721	100000.0
47	126.315	72.237	18.781	53.875	0.583	0.711	60000.0
48	124.556	73.984	18.487	54.899	0.607	0.698	100000.0
49	133.804	72.996	20.891	54.545	0.6	0.701	60000.0
50	125.254	71.734	18.649	54.102	0.578	0.704	100000.0
51	125.113	72.453	18.581	53.946	0.605	0.703	100000.0
52	124.224	70.726	18.308	52.942	0.565	0.724	100000.0
53	128.252	73.32	19.717	54.736	0.604	0.702	80000.0
54	123.948	71.244	18.566	53.769	0.562	0.714	120000.0
55	129.576	73.125	19.593	54.49	0.596	0.708	80000.0
56	125.24	73.806	18.536	54.323	0.607	0.704	140000.0
57	126.083	72.01	18.947	53.904	0.58	0.718	160000.0
58	122.182	72.878	18.118	54.036	0.61	0.705	120000.0
59	126.149	72.685	18.868	54.53	0.586	0.705	60000.0
60	123.28	71.507	18.357	54.016	0.587	0.71	100000.0
61	126.219	72.776	18.578	54.332	0.578	0.71	120000.0
62	132.685	73.171	19.968	54.693	0.6	0.701	160000.0
63	127.342	72.967	18.847	54.173	0.593	0.712	140000.0
64	124.502	73.081	18.632	54.231	0.588	0.711	120000.0
65	123.816	71.902	18.553	53.495	0.58	0.71	60000.0
66	128.041	74.329	19.083	54.884	0.615	0.697	160000.0
67	123.067	72.346	18.167	53.524	0.582	0.715	120000.0
68	122.271	72.62	18.175	53.655	0.58	0.715	80000.0
69	128.618	72.786	19.141	54.115	0.589	0.716	120000.0
70	133.418	72.555	20.554	54.569	0.591	0.71	140000.0
71	127.129	72.062	19.044	54.018	0.573	0.715	80000.0
72	127.972	73.636	19.22	54.162	0.601	0.708	60000.0
73	126.36	73.518	18.728	54.364	0.604	0.705	180000.0
74	127.51	72.704	18.956	54.206	0.58	0.709	120000.0
75	128.378	71.443	18.925	53.402	0.561	0.725	60000.0
76	125.178	72.191	18.508	53.67	0.595	0.708	80000.0
77	122.446	71.146	18.153	53.343	0.568	0.719	100000.0
78	125.767	72.836	18.779	54.586	0.603	0.695	100000.0
79	125.72	72.84	19.042	54.6	0.593	0.704	180000.0
80	120.648	72.154	17.823	53.452	0.594	0.709	140000.0
81	125.981	71.968	18.862	53.633	0.577	0.717	80000.0
82	126.052	73.34	18.733	54.671	0.594	0.704	100000.0
83	123.436	71.904	18.478	53.852	0.579	0.709	60000.0
84	125.718	72.671	18.488	54.313	0.591	0.703	140000.0
85	135.415	72.663	20.716	54.506	0.579	0.711	200000.0
86	124.398	71.991	18.434	53.551	0.583	0.714	60000.0
87	123.229	72.041	18.289	54.204	0.586	0.706	100000.0
88	124.84	70.485	18.482	52.925	0.558	0.726	120000.0
89	126.304	72.447	18.702	54.078	0.575	0.712	160000.0
90	123.937	72.788	18.688	54.088	0.603	0.71	160000.0
91	124.216	71.133	18.404	53.257	0.569	0.723	80000.0
92	125.181	72.363	18.619	54.149	0.58	0.709	60000.0
93	126.157	72.838	18.794	54.286	0.603	0.703	80000.0
94	127.058	74.16	19.025	54.858	0.609	0.699	80000.0
95	128.569	72.588	18.919	53.825	0.575	0.719	120000.0
96	123.575	71.542	18.272	53.361	0.577	0.721	80000.0
97	122.992	72.524	18.17	54.128	0.602	0.701	80000.0
98	126.915	73.15	19.078	54.034	0.603	0.709	120000.0
99	124.456	71.628	18.513	53.824	0.575	0.712	140000.0
100	124.327	71.88	18.463	53.362	0.573	0.721	140000.0
101	123.953	71.387	18.532	53.525	0.563	0.717	80000.0
102	126.157	72.493	18.766	53.473	0.584	0.721	120000.0
103	125.295	71.777	18.591	53.463	0.564	0.72	60000.0
104	126.023	72.195	18.652	53.895	0.597	0.709	100000.0
105	125.38	71.978	18.765	53.876	0.576	0.716	80000.0
106	125.186	72.252	18.507	53.617	0.577	0.713	60000.0
107	126.525	72.003	18.774	53.721	0.578	0.719	140000.0
108	123.988	72.002	18.391	53.785	0.596	0.713	60000.0
109	125.092	73.795	18.709	54.646	0.6	0.702	160000.0
110	124.708	72.08	18.72	53.841	0.578	0.715	100000.0
111	123.861	71.508	18.482	53.544	0.567	0.719	100000.0
112	125.897	72.727	18.602	53.982	0.595	0.712	80000.0
113	126.007	73.145	18.752	54.284	0.594	0.71	100000.0
114	129.322	71.865	19.712	53.763	0.593	0.716	60000.0
115	127.81	72.76	18.851	54.197	0.59	0.711	80000.0
116	124.101	71.489	18.441	53.676	0.574	0.716	100000.0
117	125.512	72.455	18.622	54.059	0.577	0.71	60000.0
118	126.255	73.658	18.88	54.3	0.611	0.705	80000.0
119	127.995	71.331	18.936	53.391	0.57	0.723	120000.0
120	123.053	72.583	18.317	53.86	0.588	0.711	140000.0
121	126.32	73.314	18.634	54.222	0.592	0.709	100000.0
122	122.831	72.214	18.047	53.041	0.583	0.722	80000.0
123	125.235	72.14	18.347	53.632	0.576	0.717	100000.0
124	123.415	71.305	18.323	53.028	0.558	0.729	100000.0
125	123.023	71.766	18.097	53.343	0.567	0.717	120000.0
126	126.657	71.516	18.635	53.688	0.561	0.715	80000.0
127	122.139	71.955	18.175	54.005	0.577	0.709	120000.0
128	130.628	73.24	20.064	54.421	0.591	0.71	100000.0
129	126.429	72.562	18.875	54.207	0.604	0.704	140000.0
130	125.311	72.638	18.738	54.34	0.588	0.705	80000.0
131	128.766	73.532	19.193	54.581	0.59	0.707	100000.0
132	124.985	71.97	18.832	54.18	0.591	0.713	60000.0
133	125.34	71.469	18.3	53.269	0.573	0.717	80000.0
134	128.339	73.673	19.133	54.407	0.593	0.712	120000.0
135	131.646	73.665	19.751	54.599	0.597	0.703	100000.0
136	124.333	72.026	18.25	53.195	0.58	0.72	80000.0
137	127.598	72.716	19.033	54.344	0.592	0.706	100000.0
138	126.229	72.717	18.824	54.996	0.587	0.695	140000.0
139	125.639	72.418	18.733	53.841	0.577	0.715	80000.0
140	130.447	72.508	19.912	54.179	0.593	0.709	80000.0
141	124.645	72.244	18.415	53.837	0.58	0.712	60000.0
142	125.148	73.745	18.372	54.79	0.613	0.694	80000.0
143	124.748	72.548	18.563	53.989	0.583	0.712	60000.0
144	127.098	71.379	19.084	53.838	0.568	0.715	120000.0
145	127.306	72.492	18.909	54.055	0.589	0.707	80000.0
146	128.459	72.399	19.21	54.444	0.572	0.709	80000.0
147	125.282	73.724	18.735	54.339	0.609	0.704	120000.0
148	127.874	72.797	18.857	54.431	0.582	0.708	100000.0
149	125.457	71.099	18.801	52.819	0.578	0.726	80000.0
150	130.123	71.989	19.893	53.324	0.585	0.721	100000.0
151	123.416	73.512	18.255	54.173	0.611	0.703	120000.0
152	128.099	72.464	19.279	54.05	0.588	0.708	60000.0
153	128.184	71.876	19.206	53.664	0.579	0.716	120000.0
154	124.621	73.013	18.245	54.135	0.602	0.7	100000.0
155	125.52	73.349	18.588	53.999	0.607	0.705	100000.0
156	126.327	72.315	18.603	53.538	0.588	0.715	100000.0
157	125.531	72.289	18.563	53.7	0.577	0.715	80000.0
158	125.754	72.444	18.563	53.926	0.589	0.711	100000.0
159	124.017	72.902	18.513	54.212	0.598	0.704	120000.0
160	131.322	73.782	19.87	54.468	0.593	0.713	100000.0
161	129.553	72.133	19.353	54.273	0.586	0.711	100000.0
162	124.449	72.798	18.19	54.025	0.587	0.706	100000.0
163	124.412	72.841	18.384	53.914	0.577	0.712	60000.0
164	120.919	72.069	17.999	53.943	0.594	0.705	120000.0
165	125.316	71.936	18.948	53.045	0.587	0.72	80000.0
166	126.919	71.807	19.127	53.896	0.569	0.719	120000.0
167	125.141	74.044	18.924	54.59	0.642	0.694	80000.0
168	122.167	72.026	17.957	53.441	0.578	0.716	100000.0
169	124.72	72.127	18.729	53.971	0.581	0.713	120000.0
170	124.092	72.057	18.449	53.697	0.579	0.718	160000.0
171	125.648	72.148	18.441	54.133	0.57	0.709	60000.0
172	127.039	73.307	19.361	54.73	0.59	0.701	180000.0
173	130.203	72.698	19.783	54.489	0.598	0.707	60000.0
174	125.543	72.645	18.643	54.181	0.585	0.71	80000.0
175	126.214	74.448	18.93	55.217	0.612	0.693	80000.0
176	128.511	73.713	19.313	54.51	0.589	0.706	120000.0
177	125.22	72.175	18.516	53.694	0.584	0.713	100000.0
178	127.213	73.762	18.882	54.313	0.611	0.702	160000.0
179	125.659	72.331	18.655	53.399	0.588	0.72	60000.0
180	124.742	72.329	18.691	53.603	0.595	0.715	100000.0
181	129.532	71.438	19.415	53.334	0.552	0.727	80000.0
182	127.041	73.56	18.75	54.586	0.605	0.698	100000.0
183	126.453	71.715	18.838	53.296	0.578	0.722	200000.0
184	125.646	73.084	18.639	54.316	0.595	0.709	120000.0
185	128.365	73.858	19.149	54.958	0.605	0.696	80000.0
186	125.416	72.524	18.53	53.817	0.59	0.711	60000.0
187	127.903	73.348	19.21	54.26	0.61	0.707	80000.0
188	126.784	72.682	18.758	54.154	0.596	0.705	60000.0
189	127.821	72.637	19.238	54.237	0.589	0.706	100000.0
190	125.205	72.846	18.439	54.068	0.586	0.713	60000.0
191	127.895	72.603	19.146	54.135	0.579	0.708	100000.0
192	127.729	73.298	18.871	54.557	0.588	0.704	80000.0
193	123.172	71.875	18.366	53.593	0.586	0.713	160000.0
194	123.026	71.717	18.153	53.161	0.583	0.718	60000.0
195	126.55	72.14	18.658	53.743	0.58	0.715	180000.0
196	122.725	72.016	18.336	53.611	0.582	0.716	140000.0
197	125.378	72.653	18.776	53.738	0.567	0.72	100000.0
198	124.01	71.37	18.562	53.554	0.578	0.713	80000.0
199	127.123	71.699	18.92	53.71	0.57	0.716	120000.0
200	123.787	72.844	18.286	54.224	0.592	0.707	80000.0
