MutationType	SBS96A	SBS96B	SBS96C	SBS96D	SBS96E	SBS96F	SBS96G	SBS96H	SBS96I
A[C>A]A	0.004171210078047807	0.010834951697324869	0.007558525059334738	0.01302475966833299	0.02334089582611341	0.004844786897672009	0.039609695449471474	0.007698912475422901	0.022207951110160593
A[C>A]C	0.012985394061543047	0.031586857121437786	0.03070879964365531	0.01392615007207496	0.008474446641484975	0.0021441967117633	0.015924314477015287	0.003968565501271542	0.013739319495370496
A[C>A]G	0.00010966674937520793	0.0008434659614127327	0.0024312438182592187	0.009550705980566364	0.0024068762162326608	0.003516032090165737	0.008071331695169165	0.016794436598138417	0.0019592019566047727
A[C>A]T	0.0005909631892279776	0.019327034479938447	0.009194229497133506	0.006882878151955083	0.01994554690161749	0.002180238695752905	0.020898150365101172	0.004878618037860889	0.008087544319808444
A[C>G]A	0.0044707478338370755	0.0024476801376769725	0.011000394137894744	0.005075942200929262	0.03905525899026543	0.0018216141471779678	0.015091909841867163	0.006184678772069674	0.015193290655187076
A[C>G]C	0.005886668072536736	0.001456269253703386	0.0058925414942314095	0.005710192458939361	0.016241044073685772	0.0021015396817247022	0.0076389621655107475	0.005137488376789463	0.0023614939766931544
A[C>G]G	5.5389044604226e-08	0.0006791895133311243	0.0007833756091541488	0.02576869087732395	6.747622750784998e-05	5.9800737692761176e-05	0.01638029912973025	0.04093542951738883	0.00010357630539058249
A[C>G]T	0.006851066163587802	0.004399082777489039	0.00699033908958711	0.01382711086265033	0.052229648949578406	0.0025291190357864257	0.00946236483309349	0.006414184176096569	0.0035177948853517193
A[C>T]A	0.03022914237997611	0.0044864314572805606	0.017140524125707088	0.037561025283066554	0.03979194613173604	0.04146678009943571	0.03385243285447359	0.00918030185122916	0.046873007724159095
A[C>T]C	0.030359596449998208	0.005756586130446522	0.009329966701989179	0.02427202844817657	0.008782599902754953	0.02014275978472142	0.001973244326375152	0.005714315994856634	0.01624430689518892
A[C>T]G	0.0020746620188290877	0.008048355510454712	0.0024699106986145127	0.027294609457694605	0.0035527799725147704	0.09848812574520707	0.0358731993706897	0.031383120995058876	0.005223864683695893
A[C>T]T	0.03549985449295491	0.0049749786946631505	0.009612413579015993	0.027361730339180212	0.01596524165244773	0.027554254381484497	0.007428643222738174	0.012822722670189251	0.014649450555011611
A[T>A]A	0.007818187724365657	0.0041204440592434825	0.010271203667267059	0.010163871805230257	0.008640070077258031	0.002315698257389461	0.0045245136669109344	0.0024559109187953254	0.008662731377313406
A[T>A]C	0.005913852782750837	0.006291945520360969	0.00828129358611875	0.0053771211065257955	0.0038548546050836217	0.0019240368072220805	0.002092269348290188	0.007515538766592726	0.002797427390869558
A[T>A]G	0.004423877603699977	0.0026920078597322573	0.007837522368974987	0.0055338664225048	0.007927192965117342	0.008541736320330529	0.0024180655051623035	0.0024797774656488514	0.0029746021992145444
A[T>A]T	0.005795386714380584	0.007476557447807864	0.0077470113972731265	0.012345699222005352	0.009035217865894084	0.0036468568590686343	0.007092622507407213	0.009849506036189268	0.021822668981773177
A[T>C]A	0.038230378541629764	0.001955375307989016	0.021063821849820884	0.02579682535680149	0.01292210863771288	0.02787725296630242	0.003547050685190779	0.019491324729932827	0.0554397907153384
A[T>C]C	0.01816519320680527	0.0019883992714246424	0.012156757201499105	0.010146837081897928	0.009827341220572786	0.006532718700007933	0.003275675329059595	0.0032539509009188805	0.006598226187286063
A[T>C]G	0.028687698075082153	0.0018936989061694475	0.011232635168198613	0.02142872068507131	0.007498168078015049	0.013654090053067591	0.0011309780503485029	0.011562116788554703	0.01628565728666956
A[T>C]T	0.06088257638737559	0.0021830727421638585	0.021100044957143495	0.021471280387268053	0.013308097860688832	0.03840975546743721	0.001852312538339902	0.014589643935271396	0.013621109759059698
A[T>G]A	0.0042700637441220836	0.0017769102464626485	0.0029674891272924242	0.005326408339505535	0.00752627146246482	0.0034391238336661445	0.0012770729773365018	0.010440699773025698	0.016932485219399496
A[T>G]C	0.0022699204551758514	0.0024007434956001814	0.002133053372041758	0.0024163891072031874	0.002427262111357216	0.0013845907579783123	4.958745262541697e-05	0.004096588960746886	0.006015011218221353
A[T>G]G	0.0018592833244707662	0.0015889514744841903	0.007164394123587101	0.0050476648724608	0.002355111428645671	0.0033760195091777235	0.001158592390954709	0.00364646799322486	0.03839098472429441
A[T>G]T	0.011116294071634912	0.001951857029553139	0.00700306551476757	0.009964487662154511	0.014995751753176592	0.0022493810468839116	0.00017357858261675573	0.018267709395149722	0.012621931289217158
C[C>A]A	0.0032995658580557575	0.015882980391033925	0.013586372653226703	0.010376609362001545	0.004237297421391872	0.007505754588685321	0.05166980115696788	0.009622826233734259	0.005082561716966439
C[C>A]C	0.008839690080931177	0.012915920576779172	0.014018989647317426	0.010198204845219152	0.0038103279414440296	0.0020847203684252235	0.013918020175769924	0.011634794186684304	0.0048000842836724185
C[C>A]G	0.0014526866921778492	0.0024460255398048502	0.0018231424523231965	0.00901321260521911	0.0014543541686157368	0.004810501862131957	0.006139338843111943	0.012250269384177273	0.0006583546397008888
C[C>A]T	7.300185296529094e-05	0.03224697963397233	0.03146112606644238	0.0033319269057351165	0.007207294296305236	9.146218511326686e-05	0.023747506691142915	0.008230266527538105	0.0006763938290676535
C[C>G]A	0.0021631495271924634	0.002302869919053592	0.0030314772987662763	0.005298523843148928	0.019489531954851032	0.0009879105435044266	0.0043378329281370046	0.006963473203579724	0.009216572134053393
C[C>G]C	0.0032737225471396415	0.004512797417372667	0.0036876283008110988	0.0047285842086739645	0.005843893545409457	0.0014600155031521923	0.005268326356115836	0.00883225546538597	0.002488633082603684
C[C>G]G	0.00034683061317743126	0.001601802009995481	0.0006726796780772304	0.005759004310018376	0.0030722779923422648	0.00020217480492690554	0.0028271696412500093	0.006871390693598585	0.00035848133668751723
C[C>G]T	0.006261178750317988	0.010781521355966106	0.00834528682170685	0.008933437419022998	0.019098282601335087	0.0014639742241819378	0.0036778195521367254	0.009157771329023689	0.004870475328316957
C[C>T]A	0.027215565036822226	0.03893671009689569	0.007366496654508409	0.021173419852857478	0.026570641135331242	0.0283205032517435	0.010689097497831881	0.01378802165801659	0.005088124378102599
C[C>T]C	0.017164818407689814	0.1700603301078081	0.02982114701477485	0.010389011045792245	0.004821425932111936	0.009380392966546651	0.001999027383033933	0.0034536381740761612	0.005521581664840128
C[C>T]G	0.005915652189470108	0.007099724805411825	0.004323147278988502	0.019949791179678867	0.005400030526049022	0.10456014648079873	0.027451621014849933	0.009863239201380339	0.007777237442396317
C[C>T]T	0.03115426757198293	0.1504810754209757	0.015445543110954328	0.021131087991279857	0.002662178576019162	0.02478061069261532	0.0047964654046891726	0.008441422345181809	0.017713514812097014
C[T>A]A	0.0017233546202689355	0.019785812193731545	0.012195536297453558	0.002769183403384545	0.006310097619223711	3.9955922659373755e-09	0.0010431076760186642	0.001825387550235149	0.0007979828305089676
C[T>A]C	0.0007932338289015916	0.020616503863896015	0.023081834395849512	0.003127298369011129	0.0012657665764434967	0.002608979521615531	0.0004761108943978343	0.009305292967459593	0.0019785649202495657
C[T>A]G	0.0009545265766506361	0.02451352809497621	0.02034786165341878	0.003263474374925863	0.00265242587701664	0.0026348147320337033	0.006812794884313007	0.0039121995919045105	0.001981813556961926
C[T>A]T	0.0003182021532228418	0.03705620976707422	0.030155199629433013	0.0037993651313666986	0.006653485633094647	5.0786774367619355e-05	0.0008769025365462113	0.020312162411864846	0.0008959870776902079
C[T>C]A	0.0144029063172448	0.004108046281762654	0.010905372729175723	0.011841226773610459	0.004582000053867432	0.0030906797201820167	0.002495478706352401	0.005961617300390572	0.014477140921375736
C[T>C]C	0.01177556684386218	0.00945438166614622	0.011231149396044202	0.005449596104117518	0.00722004239477883	0.0010934263420841717	0.006600679257971933	0.01636385835125111	0.0024131884718653395
C[T>C]G	0.0186911741446238	0.003799148682392115	0.016523887170578747	0.009182235522822007	0.006639249018817282	0.011432901108892111	0.0039795564781707074	0.011500056855147704	0.009826210628308588
C[T>C]T	0.0159794525836341	0.003912024462189129	0.01911554011181579	0.01322347165143583	0.008979743927611708	0.010490593358517798	0.004174613600745581	0.059570872765034436	0.02712889881033334
C[T>G]A	0.0017029241143714556	0.002338498875324213	0.003958980747297858	0.0024716240938970203	0.003050991645125549	0.0007697808516270043	0.0006716110631577976	0.005258010256366106	0.0060784295156316405
C[T>G]C	0.0005507384330620368	0.0007747574487255017	0.002843962028156923	0.0012389131476731308	0.0065941018447361445	0.002063796868046488	8.08745227232066e-09	0.007785889566430342	0.0007928333264761278
C[T>G]G	0.0016008149384101956	0.003023490636351198	0.008009558737175269	0.0033070238993039426	0.0035738413473643503	6.317890194397435e-05	0.006757014760334954	0.008824548294385295	0.004558494850246309
C[T>G]T	0.0053485403806100605	0.0022186864392733695	0.003369643242573195	0.007016985981547819	0.0017379362721663138	5.590682018864257e-05	0.0012227275421726348	0.11689651053398847	0.0011026869189606713
G[C>A]A	0.0065851056256880725	0.015307315828489577	0.02214267421709394	0.009457662841356296	0.0011701466165291662	0.004426587799922288	0.09629286337643862	0.005347977876647647	0.0037394826163799164
G[C>A]C	0.00606149360127624	0.03373366525122947	0.0314797392184295	0.006794646222592762	0.004272355052298452	0.00889089631619413	0.006734213496597477	0.001631472346586804	0.0022396978349354326
G[C>A]G	0.001491849009729549	0.0010157827963210764	0.0008820185727790885	0.004165028721412583	0.0036442245969777786	0.0015426437698450712	0.007100505032285582	0.005342759324873328	0.005388696796731267
G[C>A]T	0.0025208912270494464	0.006806848632982678	0.008833200485678674	0.004726456966082822	0.009538176472522366	8.777317253084504e-05	0.05495975522324443	0.0016036334943826047	0.005070711756119195
G[C>G]A	0.0004781229740589854	0.0014603439567505915	0.005814433062146662	0.005060409730964004	0.018116953396238387	3.780176882628439e-08	0.0020217171849249383	0.004636353780348799	0.0010328836754278825
G[C>G]C	0.0015201211700504836	0.011502535439643963	0.022186037697880464	0.0022744173653741484	0.009211348326279421	7.16722815472437e-05	0.003558750339108485	0.0008291669045351568	0.003300808832317674
G[C>G]G	0.0006972844191746575	0.00032434044062398473	0.0007328260640062467	0.004217712864686219	0.0003230256619707461	0.0008759260690372273	0.0017895406176178597	0.004979823431754084	0.0006704639639339493
G[C>G]T	0.0033099284470706892	0.008865909823871334	0.010530061665904214	0.006983846811543337	0.018885243157033074	2.4416574160568415e-05	0.0021591030255173503	0.014207331641923702	0.00415606321211385
G[C>T]A	0.03297176346197375	0.012079708323581144	0.019528682501019006	0.018412841522181225	0.03007373630067377	0.021538939455058425	0.003604618142678646	0.00367163460166239	0.005063592927393046
G[C>T]C	0.038143147483933715	0.006772473340188299	0.021832476466006483	0.01625217773171329	0.018053779910842817	0.01998086161428546	0.014752761918061878	0.002881205010046983	0.010085409245650965
G[C>T]G	0.0048747306483799945	0.0027137118048540286	0.006159626557091544	0.012071067352263185	0.000515873317281148	0.09318221006542445	0.015453690039256571	0.014744696077277126	0.008696097775607967
G[C>T]T	0.034241234319051725	0.0059633319656131785	0.01926502413931303	0.02526841205195524	0.01993161608892251	0.028168116544256917	0.004783855820860481	0.006356200023337806	0.011379713694392706
G[T>A]A	0.0002506408642761926	0.0016771345534471037	0.004465342351336439	0.0027640144763934416	0.00792849123982542	0.005061476246490315	0.004019663627663022	0.001687105963352451	0.005446928917317137
G[T>A]C	0.0004293492172624269	0.0040853303365805975	0.00665692157264818	0.0030538241387424135	0.004625229906768879	0.0002564863601776324	0.0027932898036124244	0.003918895380149081	0.0021084094405970076
G[T>A]G	0.0005052987648929275	0.0015951524577212694	0.005672764156436187	0.004104861791281564	0.00821410724427551	0.002542007015521932	0.0008825790644927523	0.0012159934872599098	0.004006469709930425
G[T>A]T	0.0022289709109730893	0.0025160690096186046	0.003516850182528373	0.005074490956381226	0.007737385074779013	0.004408082025880305	0.0032905933714300773	0.011569603641983122	0.002888842780336489
G[T>C]A	0.017655388998100534	0.0016182007696124857	0.007502431082915564	0.009159977284193701	0.005167627764476493	0.006766929205938368	0.0019595759324562323	0.006690262693537079	0.019916771503036442
G[T>C]C	0.009673230400592843	0.0056523612026596485	0.023689604647244664	0.004253695931743877	0.0038874929907909105	0.000218871986731628	0.002154202625293067	0.0014616838714523084	0.0018163755074748168
G[T>C]G	0.01164230247644852	0.0021608312350235794	0.0039048146071145396	0.0076140290388934774	0.005334246190408461	0.0059794096677021	0.00302431434749451	0.004700637631052976	0.021796816645041447
G[T>C]T	0.021279790247790517	0.00229866858191599	0.010805916350800544	0.011104588864836841	0.007164427284933197	0.0023927988376138388	0.00243662757673377	0.016036058962345123	0.009658835725804237
G[T>G]A	0.002059816623354287	0.0004347221249427946	0.0023541364723305945	0.0022838169915650043	0.0035470231014340923	8.560698929496624e-05	0.002183128026250358	0.0034676968862618197	0.0073232470081091025
G[T>G]C	0.00013620429363360388	0.0027785921544068513	0.006695908301344673	0.002335047266271246	0.00027636754582677946	0.00022660505226761884	0.0009270091787491453	0.005265298963703024	0.004657989763250505
G[T>G]G	0.0003565343771083462	0.001742445090712863	0.004614097715966778	0.0034698311256833848	0.0054658689613106045	0.002032798391211088	0.005052295174828032	0.0048364973667256094	0.006961393058118972
G[T>G]T	0.0025179449771138705	0.002072463323604836	0.0017712702183234797	0.006175010814786441	0.00791719137470409	0.0019138062615228183	0.00336345007627159	0.027008909415453673	0.005217783013280578
T[C>A]A	0.008504537459848506	0.013406220682916796	0.009892297816113569	0.011455941025119501	0.006100894971668822	0.006505315400574716	0.059219315256923435	0.006766668208692863	0.009004693964105286
T[C>A]C	0.00894779520859629	0.012849206184910145	0.017843861983710668	0.011044845435560405	0.00998033259085787	0.00753878666269884	0.021310786656104027	0.006576706488581862	0.005546155576781437
T[C>A]G	8.068266275333969e-05	0.0006831821770915525	0.0015564429098691335	0.0030760363762341748	0.0014471228256572744	0.0006204893492591169	0.00889236753093428	0.0037256287048842295	0.0005127930010073101
T[C>A]T	0.007141409165222439	0.025306787084455207	0.0036387888475638876	0.011773223917321047	0.007447549555581645	0.0037388858762474443	0.10327108915895224	0.012044161748225974	0.0024450227822379843
T[C>G]A	0.005965340625714362	0.0011153406249042063	0.01605452979565598	0.004404578801605084	0.033617187531199307	0.0023418996299126604	0.005407221267771973	0.007810548330792813	0.0037041221296116333
T[C>G]C	0.007973114731050827	0.0027733901062310905	0.009805219821558638	0.007704844818409811	0.00846653857501508	0.0006327976850556638	0.005722488567698747	0.009397340224955997	0.0027692450595840513
T[C>G]G	0.00025265670155942386	0.0004550824802936404	0.0005515261736576349	0.01090714834429015	0.0003148360707565345	0.0004885480648440322	0.009196002481450699	0.014262065545797356	0.0015917211543160902
T[C>G]T	0.011962730584054953	0.01417585619026795	0.015401197530954959	0.010707003168108712	0.06300927063915879	0.0006689043887482881	0.006240141097946434	0.01299143548639369	0.01400918704005676
T[C>T]A	0.027555180795898197	0.009054131275916007	0.01495357814827004	0.019927844703779556	0.02371742313718414	0.03480868814629503	0.008306607695647016	0.01142223884748887	0.01275338825581599
T[C>T]C	0.036052286429330706	0.014445278861094266	0.013972532041690045	0.022142651510221184	0.009391568387064243	0.029575474606826902	0.006787899721530266	0.0052526399933049105	0.022253173013338595
T[C>T]G	0.0018665335769731683	0.0019751839420314356	0.0028019466063896915	0.011010993865985341	0.00322098182853324	0.06530483704060316	0.02190259100170806	0.008679607369183521	0.0109177862811174
T[C>T]T	0.03117462868569419	0.02324451684486121	0.009734847397512568	0.026152492754699778	0.0152841389400462	0.02091639633887098	0.008021992028799047	0.009697397961205638	0.030623203894806467
T[T>A]A	0.011968555569983436	0.007490252610878088	0.008509859276266525	0.016211865233490243	0.00424050067444341	0.01489181608156855	0.0054018300211919265	0.0033861420187167824	0.027407862819711682
T[T>A]C	0.0033609422413441335	0.003012953057635457	0.009970980627226282	0.0052875739814101696	0.008409883711625526	0.0022397277277054783	0.0047467692280406485	0.008220847026768752	0.00168078849233261
T[T>A]G	0.001590340567577133	0.002021162999166393	0.005326772640268302	0.005898587770777794	0.005751115838892247	0.0019858563731274615	0.00194717166581313	0.005908810756043294	0.0031503376857006417
T[T>A]T	0.0143070152081782	0.002393623930239812	0.010954363031837886	0.015226183101258357	0.011344103132564669	0.006332546078269274	0.008992517383012455	0.01816926906220033	0.013194255858236907
T[T>C]A	0.020175398754363413	0.005190420283033745	0.008318070630630246	0.016779948455223348	0.015191125699602707	0.008032375315160607	0.003568406521653742	0.01118933373800246	0.01583970347191908
T[T>C]C	0.020420876420763817	0.0009477975393357951	0.014069790786529666	0.011704824490202555	0.005067864058920009	0.0013165490479704544	0.00394960636011092	0.005129097520481141	0.028308642321022717
T[T>C]G	0.01846951160157914	0.001333757273997662	0.009477938218720396	0.010677019590028607	0.01224037389735713	0.007696796471034304	0.003656354783797724	0.003773119808754473	0.007595050488123636
T[T>C]T	0.029834209724212996	0.0016135961872168992	0.013085999562292158	0.01731049243147112	0.02268797096417984	0.01932193476939574	0.008377173579356167	0.0057398022906272675	0.034815446014054036
T[T>G]A	0.007914224869371083	0.0015810843063036467	0.004842609320598967	0.007675209519242685	0.00670574098117527	0.0022761837178926214	0.004735495069689932	0.002759360968454985	0.021116032871591413
T[T>G]C	0.0016371667903422348	0.0005635374217765588	0.004375324792741537	0.002565371124034073	0.004803669358857406	0.001920255558225854	0.0017678292866256128	0.0039019635694080533	0.007294977714763435
T[T>G]G	0.004976133556372133	0.004247079122578725	0.005105826088467843	0.0057302785322175965	0.0037441285642424303	0.004720335537836604	0.004809392211245722	0.005976690222303773	0.02895455218600226
T[T>G]T	0.012574267241434426	0.002911949164335965	0.011326710629437003	0.015298962363322061	0.023715304326615297	0.005246108143666863	0.00604134337954747	0.027740433153230697	0.053280698798116644
