MutationType	C001	C002	C003	C004	C005	C006	C007	C008	C009	C010	C010r	C011	C013	C014	F001	F002	F002r	F004	F005	F006	F007	F008	F010	F011	F012	F013	F014	F015	F016	F017	F018	F019	F020	F021	F022	F023	F024	F026	F027	F029	F031	F034	F036	F037	F038	F039	F041	F042	F043	F044	F045	F046	F048	F050	F052	F053	F054	F055	F056	F057	F058	F059	F059r	SJ01	SJ02	SJ03	SJ04	SJ08	SJ09	SJ10	SJ12	SJ13	SJ14	SJ17	SJ18	SJ19	SJ20	SJ25	SJ28	SJ31	SJ32	SJ33	T135
A[C>A]A	2	10	2	0	25	2	5	0	11	2	0	0	1	1	3	0	11	0	0	0	26	4	2	0	0	0	2	2	1	13	3	2	2	0	1	0	0	19	0	1	6	2	15	1	5	2	8	3	1	2	3	0	0	0	0	1	1	39	3	3	14	0	4	40	2	4	0	4	2	7	5	3	1	7	1	4	28	2	17	5	14	2	57
A[C>A]C	11	8	4	1	9	1	8	0	10	2	1	0	0	2	1	1	5	1	1	0	10	3	1	1	1	0	4	6	0	10	0	0	7	0	7	0	0	16	1	1	12	2	8	0	2	2	6	1	2	1	4	1	1	0	1	0	1	21	1	4	15	0	2	68	1	10	0	4	2	9	2	1	1	4	3	3	21	4	19	1	14	3	153
A[C>A]G	1	2	0	0	8	0	1	0	2	0	0	0	0	0	1	1	4	0	1	0	13	0	1	0	0	0	1	1	0	6	0	0	1	0	0	0	0	24	0	0	0	1	6	0	0	0	1	0	1	0	1	0	0	0	0	0	0	9	0	1	2	0	2	7	0	1	0	3	0	6	1	0	0	0	1	0	9	7	2	1	10	0	12
A[C>A]T	2	11	3	0	9	1	1	0	6	0	0	0	0	2	1	0	5	0	0	0	17	1	1	1	0	0	0	3	4	6	0	0	0	0	1	0	1	8	0	2	3	1	8	0	0	0	5	0	1	0	1	0	1	0	0	0	0	22	1	1	9	0	2	53	4	4	0	3	1	9	4	5	2	3	1	3	17	3	9	2	20	1	67
A[C>G]A	7	22	0	0	11	2	2	0	11	1	1	0	1	2	0	1	4	2	0	0	25	3	1	0	2	1	2	5	2	6	2	0	1	0	4	1	0	10	0	0	6	1	5	0	0	1	10	4	0	1	5	2	0	1	0	0	0	19	0	2	8	0	1	13	2	3	0	2	1	4	5	7	1	3	1	2	30	2	20	5	11	2	48
A[C>G]C	4	8	3	0	4	0	3	0	3	0	0	0	0	3	0	0	7	0	1	0	15	2	0	0	0	0	2	4	1	1	0	0	3	0	0	0	0	6	0	1	5	1	4	1	2	0	8	1	1	0	0	0	0	0	0	1	0	10	1	4	13	1	1	7	0	1	0	1	1	5	2	1	2	4	0	0	12	2	4	0	10	2	23
A[C>G]G	0	2	1	0	13	0	1	0	1	0	0	0	0	0	1	0	1	0	0	0	35	0	0	0	0	0	0	1	0	17	0	0	1	0	0	0	0	54	0	0	4	0	29	0	0	0	0	1	1	0	1	0	0	0	0	0	0	15	0	0	0	1	0	11	0	0	0	2	1	24	0	0	1	1	0	0	9	2	13	0	18	1	13
A[C>G]T	10	26	2	0	14	0	4	0	16	0	0	0	1	1	2	1	6	1	0	0	21	1	2	0	2	0	0	5	3	8	2	0	4	0	2	0	0	19	0	0	5	1	12	0	1	2	17	6	2	0	1	0	0	0	1	0	0	12	0	8	9	1	2	17	6	2	0	3	0	3	5	6	5	12	4	1	40	4	13	0	13	2	38
A[C>T]A	14	29	6	3	45	7	17	0	25	5	4	4	1	8	8	1	20	2	3	1	47	5	2	8	5	2	6	21	12	16	2	0	11	1	9	1	0	25	1	13	22	6	25	0	7	4	14	12	7	3	8	0	0	0	1	2	2	34	4	21	30	8	5	31	10	29	0	10	5	13	13	6	7	5	4	11	61	6	31	7	22	7	63
A[C>T]C	8	7	12	0	16	8	9	0	16	1	2	1	1	1	4	0	9	1	3	0	20	2	5	1	2	3	3	12	11	10	0	0	11	0	6	1	0	14	0	5	15	2	7	0	8	2	12	8	7	0	8	0	0	0	1	2	1	4	1	8	20	4	4	18	4	12	0	8	0	4	4	2	4	6	1	8	22	3	21	1	17	1	31
A[C>T]G	3	5	1	1	51	14	21	2	8	2	0	4	4	1	4	1	9	3	7	0	54	2	5	4	4	0	10	2	5	32	9	0	2	0	3	3	0	47	0	7	7	4	33	0	4	2	9	3	5	2	5	1	0	0	0	1	0	31	2	13	17	15	24	51	1	14	0	12	2	23	4	2	5	3	0	7	24	7	15	4	38	2	28
A[C>T]T	9	9	6	1	18	10	16	0	19	0	1	1	0	4	2	2	10	2	3	0	40	3	2	2	4	0	6	22	3	15	0	0	11	0	6	0	0	16	0	5	12	6	8	0	6	5	15	11	6	1	10	0	0	0	3	3	0	10	2	14	16	5	11	22	5	16	0	7	6	10	7	2	3	6	5	5	39	4	25	1	19	4	33
A[T>A]A	1	4	0	0	4	0	3	0	6	0	0	0	1	1	1	2	3	0	0	0	9	0	0	0	0	0	2	2	1	5	1	0	0	1	4	0	0	10	0	0	4	5	8	0	2	4	2	6	0	0	2	0	0	0	0	0	2	6	1	2	9	0	1	12	2	1	0	5	5	1	6	0	2	4	1	2	13	1	8	0	7	2	36
A[T>A]C	3	2	3	1	4	1	2	0	5	0	3	0	0	0	1	0	2	0	2	0	9	0	0	0	0	0	1	5	1	2	0	0	2	0	2	0	0	11	0	0	4	0	1	0	0	2	4	1	1	0	1	0	0	0	0	0	0	4	1	2	4	1	2	14	1	0	0	0	0	4	0	0	1	3	0	4	9	0	3	0	8	1	37
A[T>A]G	2	6	1	0	8	1	3	0	8	1	0	0	0	1	1	0	6	0	2	0	6	0	1	1	1	0	2	3	1	2	0	0	2	0	3	0	0	8	0	0	3	0	2	0	1	0	2	2	2	0	3	0	0	0	0	1	0	4	0	2	3	2	3	9	0	3	0	1	0	2	0	2	0	2	2	2	9	0	7	0	9	1	26
A[T>A]T	3	5	1	0	6	3	2	0	8	0	2	0	0	2	2	1	7	0	1	1	18	2	3	1	2	0	1	1	1	6	0	0	3	1	1	0	0	7	1	6	3	3	6	0	0	0	4	3	4	1	4	0	2	0	2	1	0	7	1	4	7	0	1	22	1	8	2	4	1	7	1	3	2	7	2	5	15	5	10	0	10	1	35
A[T>C]A	22	9	8	0	21	13	17	0	22	2	4	0	1	7	6	1	14	2	5	1	49	4	5	2	1	1	10	12	8	3	0	0	19	0	13	0	1	24	0	11	15	5	12	1	2	5	15	10	6	4	6	0	1	0	3	2	3	9	2	7	29	10	9	14	6	13	1	5	10	12	6	5	2	12	4	13	37	4	27	8	22	5	60
A[T>C]C	11	10	5	0	5	5	5	0	8	0	0	0	1	2	0	1	4	0	1	0	13	4	1	2	3	0	5	5	3	2	1	0	5	0	5	0	0	9	1	6	8	1	4	0	1	1	9	6	2	0	2	0	0	0	1	4	0	5	0	5	8	1	1	8	4	6	0	2	0	4	4	0	1	8	2	3	11	0	12	0	8	2	33
A[T>C]G	13	9	9	0	6	7	13	0	17	1	3	1	1	4	1	2	14	1	3	0	28	4	3	3	3	0	9	8	3	9	0	0	8	0	10	0	0	20	0	5	12	2	7	0	7	2	13	7	2	0	0	2	1	0	2	2	1	4	0	9	14	3	3	9	3	7	0	6	4	7	0	1	2	6	4	4	17	1	19	1	10	2	27
A[T>C]T	19	22	7	0	22	12	20	0	26	0	1	1	0	4	4	2	11	3	3	0	57	10	3	4	5	0	9	23	12	3	2	0	12	0	19	1	0	21	0	6	24	5	14	0	6	9	27	14	4	2	9	0	0	0	0	2	4	7	2	11	32	11	14	14	14	16	0	12	3	5	11	2	3	9	3	12	17	2	27	0	16	4	51
A[T>G]A	6	5	3	0	2	0	3	0	4	0	1	0	0	1	0	0	4	0	1	0	18	2	2	0	0	0	2	3	2	2	0	0	3	0	0	0	1	11	1	1	2	0	5	0	0	0	5	1	1	2	3	0	0	0	0	4	3	3	1	1	2	1	3	6	3	0	0	1	1	3	3	1	0	0	1	0	12	2	6	4	3	0	14
A[T>G]C	0	2	0	0	3	1	0	0	1	0	1	0	0	0	0	0	4	0	0	0	8	0	0	0	1	0	0	0	1	1	0	0	1	0	0	1	0	3	0	0	3	0	2	0	2	1	2	1	0	0	1	0	0	0	0	0	0	0	0	1	1	1	0	6	3	0	1	1	0	1	1	1	0	1	0	2	2	0	6	0	2	0	11
A[T>G]G	3	6	0	0	6	2	3	0	8	0	1	0	0	2	1	1	4	0	1	1	10	0	0	1	0	1	2	2	2	2	0	0	0	0	2	0	0	5	0	4	1	1	4	0	2	3	0	0	3	0	1	0	1	0	0	3	0	2	1	3	3	1	1	6	3	2	3	0	1	2	0	0	2	0	1	1	3	0	28	2	4	0	25
A[T>G]T	14	9	2	0	7	2	4	0	13	0	1	0	1	1	0	0	11	1	1	0	24	2	0	2	0	0	1	4	2	1	0	0	3	1	2	0	0	17	1	4	12	0	4	0	0	0	9	1	6	0	5	1	0	0	0	2	1	1	0	5	4	0	2	6	4	3	0	0	1	9	4	2	1	8	2	2	17	2	12	0	6	1	21
C[C>A]A	5	3	3	0	23	1	3	0	8	0	0	0	1	3	3	0	7	0	1	0	18	10	1	1	0	1	2	1	2	9	3	0	5	0	0	1	0	24	0	6	6	0	15	0	1	0	5	1	2	0	7	0	0	0	0	0	0	47	0	3	5	2	2	52	3	5	0	1	1	14	4	1	2	3	2	1	9	0	11	1	19	0	80
C[C>A]C	7	4	3	0	9	1	3	0	5	0	0	0	1	1	2	0	5	0	0	0	17	0	0	0	1	0	1	4	4	9	0	0	1	0	4	0	0	17	1	4	7	0	7	0	3	1	3	6	3	0	2	0	1	1	1	0	0	16	1	2	12	1	2	33	1	3	0	1	1	5	0	0	1	3	0	3	13	3	8	0	10	2	64
C[C>A]G	0	1	0	0	13	1	3	0	1	0	0	0	1	0	0	0	1	0	0	0	8	1	1	0	0	0	2	1	1	4	0	0	1	0	0	0	0	21	0	1	2	1	2	0	1	0	1	0	1	0	0	0	0	1	0	0	0	5	1	3	3	1	1	9	0	0	0	0	0	11	1	0	0	2	0	0	7	1	4	0	8	1	13
C[C>A]T	4	11	1	0	11	0	1	0	5	0	0	1	1	1	0	0	7	0	0	0	19	0	1	0	0	0	0	3	0	10	0	0	0	0	2	0	0	7	1	4	3	2	7	0	0	1	1	3	2	0	2	0	0	0	0	0	0	26	0	1	3	0	1	80	0	3	0	2	0	6	2	0	0	2	0	1	16	4	8	0	20	0	161
C[C>G]A	9	15	1	0	3	1	0	0	9	0	0	0	0	0	2	0	5	0	0	0	14	0	1	0	0	0	0	2	1	1	0	0	4	0	1	0	0	10	0	1	2	0	6	0	0	0	2	1	0	0	3	0	0	0	0	1	1	7	1	1	7	1	2	9	0	1	0	0	2	5	2	0	0	3	0	1	18	1	12	0	6	0	17
C[C>G]C	3	2	0	0	5	1	0	0	6	0	2	0	0	0	1	0	1	0	0	0	14	0	1	0	0	0	0	1	0	5	0	0	2	0	0	0	0	7	0	0	1	0	3	0	1	0	5	5	2	0	1	0	0	0	0	1	0	7	0	1	3	1	2	13	1	0	0	2	0	4	2	1	2	0	0	1	6	0	6	0	5	1	21
C[C>G]G	1	2	0	0	3	0	0	0	2	0	0	1	0	1	0	0	0	0	0	0	6	0	0	0	0	0	0	2	1	9	0	0	0	0	0	0	0	14	0	0	0	0	3	0	0	0	1	0	0	0	0	0	0	0	0	0	0	1	0	1	1	0	0	7	0	1	0	0	0	2	1	0	1	1	0	0	3	0	2	0	5	0	5
C[C>G]T	6	11	3	0	6	1	1	0	7	0	0	0	1	3	0	1	6	0	2	0	16	0	1	0	1	0	0	4	3	4	0	0	1	0	2	0	0	16	0	1	4	1	4	0	2	1	5	3	5	0	2	0	0	0	1	1	0	7	0	7	8	0	1	25	0	6	0	2	0	4	3	0	1	3	1	4	21	1	12	0	6	0	48
C[C>T]A	9	16	6	0	14	10	12	1	14	0	0	3	2	5	1	2	9	0	2	0	34	4	4	2	3	1	4	10	4	7	1	0	10	0	5	1	0	28	0	4	25	4	6	0	6	2	18	8	3	1	8	1	0	0	1	2	0	20	1	11	27	6	10	89	10	19	0	11	3	12	8	5	1	7	2	6	42	5	18	0	16	6	93
C[C>T]C	11	8	7	0	8	9	11	1	12	2	3	2	1	3	0	0	11	1	1	0	25	1	2	6	7	1	3	10	2	5	0	0	5	0	4	1	0	17	0	4	26	2	7	0	2	1	14	7	2	0	5	1	0	0	1	3	2	16	3	9	16	1	6	341	13	10	0	3	2	3	7	2	1	4	3	9	27	2	16	1	11	5	406
C[C>T]G	5	5	2	1	32	8	21	1	10	4	1	2	5	4	2	0	11	5	5	0	35	2	2	9	4	0	8	7	10	16	9	0	1	0	3	3	0	30	1	11	11	2	22	0	3	1	11	5	5	1	10	1	0	0	0	3	3	31	1	13	16	16	23	45	5	21	0	12	3	14	10	0	2	2	4	7	29	2	19	2	40	0	24
C[C>T]T	16	13	7	0	30	6	18	2	18	0	2	1	2	3	5	0	9	1	2	0	30	2	5	1	1	1	7	11	10	17	0	0	11	0	8	2	0	23	0	9	24	4	8	1	11	3	15	7	9	1	9	0	0	0	2	4	2	11	2	12	26	6	8	332	7	9	0	9	2	10	10	0	1	7	3	11	27	3	27	3	19	7	305
C[T>A]A	3	4	2	0	2	1	0	1	5	1	0	0	0	1	0	0	4	0	0	0	4	1	0	0	0	0	0	3	0	1	0	0	3	0	1	0	0	4	0	0	2	0	3	0	0	1	5	1	0	0	0	0	0	0	0	0	0	2	0	0	7	0	0	43	0	3	0	0	0	4	0	0	0	1	1	0	7	2	4	0	4	0	78
C[T>A]C	5	3	0	0	2	0	4	0	8	0	1	0	1	0	0	0	1	0	0	0	16	0	0	0	0	1	2	1	1	7	0	0	0	0	3	0	0	7	1	2	2	2	3	1	0	0	0	3	0	0	1	1	0	0	1	0	0	2	0	2	5	1	1	47	3	0	0	1	0	8	0	0	0	1	3	0	6	0	0	1	5	0	98
C[T>A]G	3	4	3	0	5	0	2	0	3	1	0	0	2	0	0	0	1	0	0	0	6	0	0	0	0	0	2	3	0	4	0	0	1	0	2	0	0	13	1	3	1	2	6	0	1	1	1	1	2	0	0	0	0	0	0	1	0	9	0	2	3	1	1	54	3	1	0	1	0	1	2	3	1	0	0	0	5	0	3	1	7	0	112
C[T>A]T	5	8	1	0	9	1	1	0	4	0	0	1	1	0	1	0	4	0	0	0	28	1	0	0	0	0	2	1	0	7	0	0	1	0	1	1	0	18	0	2	4	0	5	0	0	1	2	1	1	0	3	0	0	0	0	0	0	3	0	0	4	0	0	76	1	0	0	2	0	3	2	2	0	2	1	1	15	4	9	0	6	0	180
C[T>C]A	8	6	3	1	8	4	2	0	9	0	0	0	0	2	1	1	5	1	1	0	14	1	1	1	1	0	2	6	0	4	0	0	5	0	7	0	0	11	1	4	3	2	7	0	3	2	3	5	4	3	2	1	0	0	0	2	0	3	0	2	7	1	1	13	2	3	0	3	2	5	3	0	3	8	2	4	10	0	11	0	7	1	33
C[T>C]C	3	7	2	0	8	2	3	0	8	0	1	0	0	2	0	0	3	1	1	0	29	2	0	1	2	0	2	5	2	2	0	0	3	0	6	0	0	14	0	1	5	2	2	0	1	0	8	0	1	0	2	0	0	0	1	0	1	11	2	2	5	0	1	22	2	4	0	4	1	5	1	2	0	3	2	1	9	2	6	0	6	5	55
C[T>C]G	7	7	3	0	8	2	6	0	10	1	0	0	2	1	1	2	7	0	1	0	30	1	2	1	1	0	3	12	1	6	0	0	7	0	3	1	0	9	0	4	3	1	6	0	2	2	8	8	6	2	4	1	0	0	0	1	1	6	0	6	13	3	4	13	3	7	0	3	0	4	3	0	0	4	2	8	14	1	11	1	12	4	50
C[T>C]T	12	8	5	1	14	4	9	1	17	1	1	2	1	4	2	1	7	1	3	1	83	2	3	0	2	0	2	6	3	2	0	1	4	0	7	0	0	37	0	9	10	4	4	0	4	4	8	4	3	2	5	1	1	0	1	3	0	11	2	4	15	4	3	14	1	5	0	6	2	13	4	0	2	4	0	8	26	11	22	2	18	0	69
C[T>G]A	0	3	0	0	1	1	1	0	1	0	0	0	0	0	0	0	3	0	0	0	8	0	0	0	0	1	0	2	2	0	0	0	1	0	0	0	0	3	0	2	2	0	3	0	0	1	0	1	2	0	2	0	0	0	0	1	0	1	0	2	1	0	1	6	1	2	1	0	0	3	0	0	0	1	0	1	7	1	4	0	2	0	16
C[T>G]C	0	3	1	0	3	1	0	0	2	0	0	0	0	0	0	0	0	0	0	0	7	0	0	1	0	0	0	1	0	0	1	0	0	0	0	0	0	9	0	0	3	0	0	0	0	0	2	1	0	0	1	0	0	1	0	1	0	0	0	0	5	1	1	2	2	0	0	0	0	2	0	1	0	0	0	0	7	1	4	0	3	0	13
C[T>G]G	4	2	1	0	5	0	0	0	4	0	0	1	0	1	1	0	1	0	0	0	12	0	0	0	0	0	0	1	1	3	0	0	1	0	1	0	0	7	0	3	0	0	3	0	0	0	4	1	1	1	1	0	1	0	0	2	0	7	0	0	3	0	0	9	1	1	0	1	0	8	2	1	0	0	1	0	4	0	4	0	6	1	30
C[T>G]T	6	5	2	0	22	0	2	0	3	1	2	0	0	0	1	0	1	1	0	0	125	0	0	0	0	0	0	4	1	6	0	0	2	0	3	0	0	73	0	6	4	0	6	0	3	1	5	3	11	0	12	1	0	0	0	2	0	5	0	4	7	1	2	8	1	0	0	0	0	20	2	2	0	2	0	2	12	11	6	0	7	1	32
G[C>A]A	5	7	0	1	38	1	7	0	5	0	1	0	2	2	1	2	8	0	3	0	19	8	0	1	1	1	0	6	6	25	2	0	7	0	0	0	0	17	0	17	7	1	21	0	3	3	2	4	4	0	10	1	0	0	0	1	0	80	0	2	10	1	1	67	6	6	0	2	2	14	3	0	0	3	3	3	17	1	7	0	26	1	106
G[C>A]C	6	4	2	1	4	3	3	0	7	0	0	0	1	0	1	0	8	1	4	0	10	1	1	0	2	0	0	4	5	7	2	0	6	1	5	0	0	6	0	3	9	1	5	0	0	0	4	3	1	0	2	0	0	1	0	3	0	10	0	4	7	1	2	73	5	6	0	3	0	7	4	1	2	1	2	1	13	1	4	0	11	1	152
G[C>A]G	3	3	1	0	4	0	2	0	2	0	0	1	0	0	0	0	2	0	0	0	5	0	0	0	0	0	1	1	1	2	0	0	0	0	0	0	0	12	0	1	1	1	4	0	0	3	1	1	1	0	0	0	0	0	0	0	0	9	0	0	5	1	0	6	0	2	0	0	0	1	2	0	0	0	0	2	7	2	4	1	3	0	6
G[C>A]T	3	12	1	1	19	2	1	0	5	0	0	1	0	0	2	3	3	0	0	0	11	2	1	0	0	0	2	5	0	9	0	0	1	0	3	0	0	11	0	9	3	0	13	0	0	2	4	2	2	0	1	0	0	0	0	1	0	57	0	2	6	0	0	39	2	2	0	1	1	4	0	0	2	3	0	0	15	1	7	2	16	0	48
G[C>G]A	1	3	1	1	1	0	0	0	4	0	0	0	0	1	0	0	0	0	0	0	11	0	0	0	0	0	0	1	0	4	0	0	3	0	1	0	0	11	0	0	2	0	4	0	0	2	2	0	0	0	0	0	0	0	0	0	0	4	0	2	5	0	0	5	1	2	0	0	0	2	3	2	1	4	3	1	20	0	7	0	6	0	26
G[C>G]C	2	4	1	0	1	0	1	0	4	0	1	0	0	0	0	0	2	0	0	0	9	2	1	0	1	0	0	1	2	5	0	0	0	0	4	0	0	3	0	0	3	1	6	0	0	0	5	0	1	1	3	0	0	0	0	0	0	6	1	1	3	0	0	24	5	3	0	0	1	0	0	1	0	2	0	0	14	0	5	0	6	0	90
G[C>G]G	1	0	1	0	2	1	2	0	1	0	0	1	0	0	0	0	2	0	0	0	4	1	0	0	0	0	0	0	0	3	0	0	1	0	0	0	0	9	0	0	1	0	3	0	0	0	0	0	0	0	0	0	0	0	0	0	0	1	0	0	0	0	0	2	0	0	0	0	0	2	1	0	0	0	0	0	2	0	2	0	4	0	3
G[C>G]T	4	10	5	0	5	0	0	0	10	0	0	1	0	0	4	0	1	0	1	0	18	0	0	0	0	0	0	3	1	5	0	0	4	0	2	0	0	18	0	2	8	1	4	0	0	0	10	1	3	1	2	0	0	0	0	0	0	5	0	2	3	0	0	21	1	3	0	1	0	6	2	1	1	7	2	1	17	2	7	1	6	0	54
G[C>T]A	16	21	7	0	19	11	16	0	18	1	0	1	4	5	2	2	10	2	4	0	36	2	1	1	3	0	6	13	4	10	0	0	9	0	8	1	0	11	0	2	21	6	11	0	2	2	19	8	2	1	11	1	0	0	0	1	1	7	1	13	20	3	2	33	3	4	0	10	0	6	4	2	5	5	3	7	35	0	20	1	21	5	74
G[C>T]C	14	16	6	0	14	5	20	0	22	0	1	0	1	3	2	2	10	1	1	0	28	9	1	2	2	0	2	17	6	10	1	0	6	0	6	1	0	7	2	4	19	2	11	0	2	4	27	14	6	2	14	1	0	1	2	6	0	17	4	13	14	8	7	25	8	9	0	6	2	7	6	3	2	4	1	10	25	2	14	0	15	1	66
G[C>T]G	4	2	0	0	21	7	26	1	4	0	0	4	6	2	7	0	4	3	6	0	39	2	2	4	3	0	9	8	5	9	3	0	1	0	5	2	0	27	2	5	6	0	17	0	2	1	6	8	4	3	4	0	1	0	1	4	0	24	1	10	16	19	23	27	8	17	0	11	4	9	3	1	3	1	9	6	15	2	16	2	28	0	22
G[C>T]T	17	7	5	0	17	6	15	0	18	0	1	3	1	2	3	3	13	1	5	0	29	8	2	1	5	0	5	12	5	4	1	1	11	0	7	1	0	17	1	6	14	2	19	0	5	2	30	13	8	0	7	0	1	0	1	2	0	7	0	10	18	3	8	23	8	13	0	8	2	7	8	4	3	8	4	5	34	2	24	0	26	5	57
G[T>A]A	3	5	0	0	5	1	0	1	3	0	0	0	1	0	2	1	4	1	0	0	7	0	0	1	0	0	0	0	2	2	0	0	2	0	1	0	0	3	0	1	0	0	3	0	0	0	0	2	0	0	0	1	0	1	0	0	0	4	0	2	3	1	1	7	1	4	0	0	0	3	0	0	1	0	0	0	10	0	4	2	5	0	16
G[T>A]C	2	2	1	0	1	0	0	0	0	0	1	0	0	0	0	0	2	1	0	0	6	0	1	0	0	0	0	2	1	2	0	0	0	0	0	0	0	5	0	0	0	0	5	0	0	0	0	1	1	0	1	0	0	0	0	0	0	4	1	1	3	0	0	10	2	0	0	2	0	1	0	0	1	2	0	0	7	1	3	0	3	0	28
G[T>A]G	0	4	1	0	2	0	1	0	7	0	0	0	2	0	0	0	1	1	0	0	2	0	1	0	1	0	1	0	1	0	0	0	0	0	1	0	0	7	0	1	2	0	2	0	0	0	1	1	0	0	0	0	0	0	2	0	0	2	0	3	3	0	0	5	4	2	0	0	0	1	1	0	0	0	0	0	9	0	3	2	8	0	19
G[T>A]T	1	6	2	0	6	1	2	0	4	0	0	0	0	0	2	0	3	1	1	0	16	0	3	0	0	0	0	2	0	3	2	0	1	0	1	0	0	10	0	0	2	0	1	0	2	0	2	0	1	0	1	0	0	0	0	2	0	5	0	1	4	1	1	8	1	1	0	3	0	4	0	0	1	1	0	5	13	2	2	0	6	0	18
G[T>C]A	8	7	1	0	11	6	7	0	7	0	0	0	0	0	0	1	1	0	1	0	18	1	4	0	0	1	4	13	2	2	0	1	5	0	2	1	0	10	1	3	5	1	5	0	2	4	10	1	3	1	3	0	2	0	0	3	0	4	2	2	8	2	3	6	6	6	0	5	3	1	4	0	1	2	2	3	15	2	14	0	3	2	26
G[T>C]C	2	3	2	0	4	3	2	0	6	0	0	0	0	1	0	0	7	1	0	0	6	0	0	0	0	0	1	3	2	3	0	0	5	0	3	0	0	4	0	4	7	0	4	0	1	1	8	4	3	0	1	0	0	0	0	0	1	4	0	2	2	0	1	9	2	0	0	1	0	0	2	0	1	2	1	2	8	1	4	0	6	3	82
G[T>C]G	9	4	4	0	5	3	3	0	8	1	0	0	0	1	0	0	1	1	1	0	15	1	1	3	0	0	2	3	2	4	0	0	2	0	4	2	0	8	0	1	6	0	1	0	4	3	4	1	2	3	2	0	0	0	0	2	0	7	2	3	9	1	3	7	7	2	0	4	2	0	7	0	1	4	2	6	11	3	11	3	3	0	16
G[T>C]T	5	7	7	0	7	3	3	0	8	1	0	1	0	2	3	0	2	0	0	0	28	2	2	1	0	0	3	8	0	7	0	0	5	0	8	0	0	12	0	5	11	1	3	0	0	4	10	4	4	0	6	0	1	0	0	3	1	4	1	1	10	0	3	8	7	2	0	7	2	3	3	2	1	3	3	3	13	5	13	0	12	4	30
G[T>G]A	0	4	1	0	4	0	1	0	5	0	0	0	0	0	1	1	0	0	0	0	6	1	0	0	0	0	0	1	1	2	0	0	0	0	0	0	0	4	0	0	2	1	0	0	0	1	1	2	1	0	1	0	0	0	0	1	0	3	2	0	0	0	0	2	1	1	1	1	1	2	1	0	2	0	0	1	3	0	5	0	1	0	9
G[T>G]C	1	0	0	0	2	0	1	0	0	0	0	0	0	0	0	0	2	0	0	0	4	0	1	0	0	0	0	1	1	0	0	0	0	0	1	0	0	7	0	0	0	0	4	0	0	0	0	1	1	0	1	0	0	0	0	0	0	1	0	0	0	0	0	7	3	0	2	0	1	1	0	1	0	0	0	0	2	2	1	1	6	0	24
G[T>G]G	0	3	1	0	2	0	1	0	2	0	1	0	0	0	0	0	1	0	0	0	8	1	0	0	0	0	0	0	0	4	0	0	0	0	0	0	0	6	0	0	1	1	3	0	1	0	1	1	2	0	1	1	0	0	0	1	0	7	0	1	2	1	2	7	5	0	1	0	1	3	2	0	1	0	1	0	8	0	8	0	5	0	17
G[T>G]T	1	3	1	0	4	2	0	0	6	0	2	0	3	0	2	1	2	1	0	1	31	0	0	1	2	0	0	2	0	4	1	0	2	0	1	0	0	21	0	3	2	1	4	0	1	0	2	3	1	0	3	0	1	0	0	1	0	5	0	3	5	0	0	8	1	2	1	1	0	3	0	2	0	1	1	1	15	7	6	0	3	1	11
T[C>A]A	3	5	0	1	17	1	6	0	6	0	0	1	4	0	1	0	7	0	0	0	28	9	4	0	1	0	1	8	1	16	2	0	7	0	2	0	0	15	0	6	7	2	19	0	1	5	9	4	2	1	2	0	3	0	0	0	0	52	1	0	15	2	4	55	6	7	0	1	1	11	1	3	0	3	3	4	14	0	11	1	20	1	59
T[C>A]C	4	6	5	0	11	2	8	0	9	1	0	0	1	0	1	1	10	0	3	0	17	0	0	0	1	0	1	4	2	11	0	0	6	0	6	0	0	13	0	3	7	3	10	0	0	2	7	7	2	1	2	0	0	0	0	2	0	24	1	4	12	3	3	39	2	5	0	1	1	10	2	2	0	6	1	1	17	2	7	1	12	0	73
T[C>A]G	0	0	0	0	7	0	0	0	0	1	0	0	1	1	0	0	0	0	0	0	1	1	0	1	0	0	0	1	0	2	0	0	1	0	0	0	0	7	0	1	0	0	5	0	0	0	1	0	0	0	1	0	0	0	0	1	0	6	0	1	0	0	0	4	0	0	0	0	0	3	0	0	1	0	0	0	7	2	1	0	4	0	9
T[C>A]T	4	14	2	0	57	1	4	0	13	0	1	1	1	2	1	2	1	1	1	0	25	6	1	1	0	1	0	8	2	15	0	0	8	0	5	0	0	25	0	8	4	0	28	0	2	1	4	2	5	0	5	0	0	0	1	0	0	88	0	6	12	2	5	101	1	5	0	3	2	15	1	2	1	6	0	5	19	4	9	1	26	2	75
T[C>G]A	5	18	4	0	5	1	3	0	9	0	0	0	1	2	1	1	6	1	0	0	22	5	0	0	0	0	1	1	2	5	0	0	7	0	2	0	0	9	0	0	4	1	2	0	0	1	9	4	3	0	2	1	0	0	0	2	0	10	1	5	12	2	3	6	1	0	0	0	0	6	6	3	2	6	1	3	23	2	13	0	9	1	56
T[C>G]C	4	5	1	0	7	2	1	0	8	0	0	0	0	0	0	0	4	0	0	0	17	1	1	0	0	0	1	6	0	1	0	1	5	0	3	0	0	12	1	2	1	1	10	0	1	1	7	5	1	0	1	1	0	0	1	0	1	5	0	3	7	0	1	11	1	1	0	1	0	6	1	0	0	1	3	1	12	0	6	0	11	0	29
T[C>G]G	0	1	0	0	9	1	1	0	1	0	0	2	0	0	1	1	2	0	0	0	12	0	1	0	0	0	0	0	0	6	0	0	0	0	0	0	0	23	0	1	4	0	6	0	0	1	0	1	0	0	0	0	1	0	0	0	0	8	0	0	1	0	0	6	0	1	0	0	0	7	0	0	0	1	0	0	4	0	8	0	9	0	5
T[C>G]T	11	32	5	1	13	3	4	0	13	0	1	0	2	2	2	0	3	0	0	0	43	0	1	0	2	1	0	11	4	8	1	0	7	0	5	0	0	18	0	2	13	1	5	1	5	1	32	8	3	2	1	0	0	0	0	2	1	14	4	7	20	1	1	34	5	7	0	2	0	9	3	5	2	6	3	4	59	1	21	4	12	2	93
T[C>T]A	4	20	2	0	13	9	18	0	13	0	0	0	3	2	1	0	16	2	2	0	47	0	1	4	1	0	7	12	7	10	0	0	16	0	11	2	0	16	0	14	18	2	22	0	5	4	15	9	8	0	2	0	0	0	1	3	0	12	1	10	22	6	10	32	8	9	0	7	3	4	4	3	1	2	3	6	36	4	27	2	22	6	54
T[C>T]C	14	11	5	0	15	10	15	0	15	0	1	1	3	3	4	3	11	1	5	0	26	5	6	3	1	0	4	17	8	7	0	1	9	2	5	0	0	15	2	7	19	4	7	0	8	2	20	11	7	0	11	0	0	0	1	2	0	11	1	11	22	9	8	38	6	13	0	7	5	12	7	0	1	4	3	11	32	1	19	5	16	5	63
T[C>T]G	1	3	3	0	21	9	13	1	3	0	3	2	4	2	1	2	10	5	4	0	24	3	3	5	0	0	5	1	3	6	2	1	1	0	1	0	0	19	3	12	4	3	11	0	2	1	7	1	2	2	5	1	0	0	0	1	0	25	1	6	13	11	17	23	6	14	0	7	3	13	4	1	6	6	2	0	12	2	14	2	23	1	14
T[C>T]T	13	8	8	1	19	3	13	0	20	0	1	0	2	1	6	1	17	2	2	0	37	2	6	6	4	1	4	15	8	9	1	0	9	0	5	0	0	17	1	12	29	2	5	0	3	6	16	8	4	4	5	0	2	0	1	4	1	12	2	9	21	6	4	57	8	15	0	8	6	5	5	1	0	8	4	4	47	3	15	4	19	8	65
T[T>A]A	13	5	3	2	11	4	9	0	14	0	0	1	0	0	2	2	12	0	0	1	14	0	1	1	3	1	2	7	4	6	0	0	2	0	1	0	0	10	1	2	7	1	19	0	2	2	10	3	1	1	3	0	1	0	2	1	0	5	1	5	7	2	6	23	3	6	0	2	2	6	5	0	2	3	5	4	11	2	8	6	14	3	35
T[T>A]C	2	5	2	0	7	1	2	0	6	0	0	0	1	0	0	0	4	0	0	0	12	0	0	0	1	0	0	1	0	2	0	0	3	0	2	0	0	7	0	3	1	0	5	0	1	0	2	4	4	0	0	0	0	0	1	0	0	5	0	2	7	0	2	10	3	2	0	2	0	6	1	0	0	2	2	0	12	2	3	0	6	0	34
T[T>A]G	0	3	2	0	4	0	2	0	7	0	0	0	1	2	1	0	4	0	1	0	9	1	1	1	0	0	1	1	1	4	0	0	2	0	0	0	0	10	0	0	3	0	3	0	0	0	0	0	1	0	1	0	1	0	0	1	0	2	1	0	4	0	0	6	0	1	0	1	0	1	2	2	1	0	0	0	4	0	3	0	5	0	20
T[T>A]T	3	8	5	1	12	3	8	0	16	1	5	0	0	3	3	1	7	2	1	0	29	1	0	0	0	0	4	7	3	4	0	0	3	0	2	0	0	20	0	4	15	1	9	0	3	5	6	1	2	0	3	0	0	0	0	0	1	12	2	5	10	3	1	11	4	6	0	7	4	8	1	4	1	4	1	6	20	3	6	2	9	1	39
T[T>C]A	6	12	7	0	12	4	8	0	23	0	2	1	0	2	3	1	4	0	2	0	25	3	4	0	0	0	0	9	4	7	0	0	9	0	7	1	0	17	2	0	3	1	9	0	3	2	13	4	5	0	2	1	0	0	3	3	0	6	0	6	11	3	6	15	4	5	0	1	3	7	2	1	2	9	5	6	20	2	11	3	8	3	32
T[T>C]C	7	5	2	0	14	4	8	0	7	1	0	0	0	0	5	0	5	0	0	1	16	2	1	1	4	1	2	9	4	4	1	0	10	1	4	1	0	7	0	5	7	2	2	0	2	2	8	4	4	2	3	1	0	0	2	0	1	6	4	8	14	0	0	4	1	7	0	3	2	2	3	1	2	7	0	3	10	4	21	3	4	4	46
T[T>C]G	13	5	7	0	5	7	3	0	11	0	0	0	0	1	1	5	5	3	0	0	19	0	1	1	1	0	0	7	2	4	0	0	4	0	3	0	0	5	0	5	8	0	9	0	2	0	10	5	3	2	5	1	0	0	0	2	1	5	1	4	16	2	4	7	2	4	0	3	2	3	3	1	2	5	4	3	20	1	6	0	9	2	25
T[T>C]T	20	14	3	0	25	6	6	0	19	0	0	2	4	3	2	2	19	2	2	0	29	4	3	3	3	0	4	11	2	6	1	0	13	0	8	0	1	14	1	5	12	4	5	0	5	8	22	6	5	3	4	2	0	0	1	2	2	11	2	11	16	7	6	12	5	6	0	6	4	11	6	3	3	15	4	7	28	2	20	7	12	2	41
T[T>G]A	11	9	4	0	7	1	4	0	4	0	0	2	1	0	1	2	2	1	0	0	5	0	0	1	2	0	0	1	2	1	0	0	5	0	1	0	0	9	0	3	0	1	7	0	1	1	8	3	3	1	3	0	1	0	0	2	0	5	1	0	1	0	3	7	2	1	1	2	1	6	0	1	0	2	0	4	11	0	11	3	4	7	17
T[T>G]C	3	2	0	0	1	0	0	0	2	0	0	0	0	1	0	0	2	1	0	0	11	1	1	0	0	0	1	0	0	0	0	0	0	0	0	2	0	2	0	1	4	0	3	0	1	0	1	0	1	1	1	0	0	0	0	1	0	3	0	2	5	0	0	2	2	1	0	2	0	2	0	0	0	1	0	1	6	0	6	1	4	0	15
T[T>G]G	3	3	0	1	3	2	3	0	5	0	1	1	0	0	1	0	3	0	0	0	10	3	0	1	2	0	2	3	0	3	1	0	3	0	1	0	0	9	2	0	4	1	3	2	0	0	7	1	6	2	1	0	2	0	0	6	0	8	0	1	6	2	2	12	2	2	2	1	2	2	1	0	0	0	3	7	10	4	18	1	5	0	25
T[T>G]T	17	20	5	0	10	3	6	0	11	0	1	1	0	1	2	1	14	1	7	0	45	2	1	0	1	2	0	8	5	7	1	0	2	0	6	0	0	28	0	6	6	1	12	1	2	3	16	6	7	3	3	0	1	0	0	0	1	11	1	8	15	1	5	13	6	6	3	3	4	12	5	1	1	8	2	4	24	9	31	9	12	4	47
