NMF_Replicate	L1	L1 %	L2	L2 %	KL Divergence	Correlation	Convergence Iterations
1	2.814	112.323	1.323	70.016	1.124	0.623	40000.0
2	3.034	113.396	1.318	69.657	1.151	0.648	80000.0
3	3.257	119.286	1.494	73.14	1.212	0.599	40000.0
4	2.813	117.146	1.308	71.477	1.15	0.619	40000.0
5	3.02	117.695	1.319	71.131	1.191	0.617	40000.0
6	2.943	124.578	1.362	73.527	1.314	0.571	0.0
7	2.891	121.335	1.332	72.29	1.323	0.586	40000.0
8	3.085	123.024	1.376	74.912	1.241	0.595	80000.0
9	3.106	117.154	1.412	70.915	1.192	0.614	60000.0
10	2.997	116.005	1.323	69.291	1.195	0.637	60000.0
11	3.031	112.235	1.403	69.058	1.066	0.665	40000.0
12	3.05	114.672	1.341	70.065	1.148	0.643	40000.0
13	3.04	113.363	1.425	70.361	1.064	0.649	40000.0
14	2.573	105.443	1.208	64.764	1.012	0.699	40000.0
15	2.486	108.61	1.193	65.051	1.13	0.649	60000.0
16	2.696	110.737	1.252	67.397	1.224	0.635	40000.0
17	3.319	121.625	1.446	72.837	1.228	0.593	80000.0
18	2.878	112.314	1.27	68.34	1.113	0.646	40000.0
19	2.819	112.383	1.348	69.903	1.054	0.649	40000.0
20	2.754	122.418	1.283	74.317	1.207	0.602	40000.0
21	3.004	112.588	1.387	68.402	1.222	0.618	60000.0
22	3.117	122.486	1.404	73.646	1.227	0.602	60000.0
23	3.148	121.912	1.43	72.707	1.382	0.586	60000.0
24	2.894	110.818	1.265	67.441	1.166	0.648	60000.0
25	2.781	111.691	1.321	68.293	1.064	0.658	40000.0
26	2.361	99.218	1.098	61.17	1.037	0.688	60000.0
27	2.946	121.085	1.408	73.678	1.167	0.61	40000.0
28	3.159	117.327	1.375	70.104	1.284	0.609	80000.0
29	3.265	126.257	1.501	76.236	1.344	0.563	40000.0
30	2.951	115.77	1.357	72.63	1.213	0.615	80000.0
31	3.371	126.533	1.465	75.171	1.31	0.577	40000.0
32	2.959	124.922	1.346	73.801	1.313	0.583	60000.0
33	3.041	118.242	1.352	73.059	1.132	0.629	40000.0
34	2.742	114.202	1.26	70.379	1.191	0.61	60000.0
35	2.98	119.47	1.399	72.106	1.13	0.629	40000.0
36	3.454	125.817	1.514	75.33	1.283	0.584	60000.0
37	2.544	110.001	1.244	68.874	1.015	0.662	60000.0
38	3.097	116.804	1.399	71.211	1.157	0.634	80000.0
39	3.336	121.615	1.475	74.326	1.303	0.589	40000.0
40	2.979	120.017	1.472	72.903	1.232	0.6	80000.0
41	2.74	110.787	1.262	66.787	1.145	0.646	40000.0
42	2.77	118.333	1.264	71.924	1.196	0.604	40000.0
43	2.989	124.829	1.379	74.702	1.297	0.585	60000.0
44	2.933	113.912	1.365	68.989	1.303	0.621	40000.0
45	2.885	113.049	1.364	68.696	1.103	0.653	40000.0
46	2.969	122.058	1.405	74.004	1.221	0.602	60000.0
47	2.873	116.525	1.349	71.259	1.164	0.628	40000.0
48	2.907	112.978	1.361	68.512	1.139	0.631	0.0
49	2.679	106.664	1.287	65.036	1.045	0.668	60000.0
50	2.834	113.182	1.317	69.256	1.185	0.634	80000.0
51	2.744	114.94	1.325	71.501	1.131	0.623	80000.0
52	3.172	122.449	1.483	73.256	1.241	0.602	80000.0
53	3.284	118.207	1.547	72.524	1.166	0.623	60000.0
54	2.535	104.204	1.218	63.971	1.047	0.662	60000.0
55	2.757	112.825	1.292	69.305	1.109	0.648	60000.0
56	3.042	109.426	1.338	67.732	1.15	0.638	40000.0
57	2.426	100.509	1.164	61.418	0.98	0.679	80000.0
58	3.398	126.758	1.533	76.291	1.323	0.573	60000.0
59	2.592	107.691	1.245	67.241	1.032	0.665	60000.0
60	2.639	100.681	1.289	62.725	1.04	0.68	0.0
61	3.121	114.838	1.39	70.314	1.189	0.641	40000.0
62	3.066	128.007	1.421	75.632	1.319	0.564	60000.0
63	2.776	106.0	1.286	65.214	1.052	0.685	60000.0
64	2.788	113.332	1.328	68.243	1.251	0.615	60000.0
65	2.649	110.832	1.205	67.591	1.097	0.653	40000.0
66	2.836	118.881	1.331	73.421	1.284	0.592	0.0
67	2.891	116.511	1.347	69.759	1.129	0.659	60000.0
68	2.856	114.552	1.322	70.209	1.165	0.634	60000.0
69	2.827	111.653	1.342	68.688	1.103	0.668	40000.0
70	2.913	121.581	1.338	73.442	1.259	0.58	80000.0
71	3.094	111.386	1.361	68.692	1.104	0.65	40000.0
72	2.956	125.896	1.392	75.653	1.258	0.585	80000.0
73	2.941	117.348	1.35	72.22	1.206	0.61	0.0
74	2.841	112.921	1.394	69.53	1.178	0.63	80000.0
75	3.059	122.224	1.485	75.157	1.26	0.592	40000.0
76	2.683	105.899	1.229	65.047	1.051	0.671	60000.0
77	2.729	114.146	1.3	69.581	1.076	0.658	80000.0
78	3.131	118.173	1.397	71.794	1.215	0.615	40000.0
79	2.967	117.243	1.31	70.794	1.201	0.621	40000.0
80	2.862	118.888	1.3	70.952	1.207	0.617	60000.0
81	3.236	115.309	1.496	70.55	1.14	0.636	40000.0
82	2.691	118.039	1.283	70.9	1.256	0.613	40000.0
83	3.488	124.558	1.541	75.88	1.324	0.576	80000.0
84	3.132	121.357	1.422	73.509	1.254	0.593	40000.0
85	2.715	110.5	1.262	66.991	1.147	0.655	60000.0
86	2.867	119.439	1.368	71.88	1.183	0.626	40000.0
87	2.497	106.125	1.175	66.261	1.029	0.681	60000.0
88	2.905	118.309	1.391	72.01	1.139	0.616	40000.0
89	2.982	117.944	1.402	69.322	1.268	0.623	40000.0
90	2.647	110.383	1.247	68.875	1.124	0.65	40000.0
91	3.221	113.887	1.378	67.652	1.135	0.65	60000.0
92	2.672	110.183	1.309	67.496	1.063	0.654	0.0
93	3.014	118.724	1.441	72.45	1.179	0.63	40000.0
94	3.103	121.125	1.44	73.433	1.182	0.613	40000.0
95	3.113	110.866	1.371	67.107	1.135	0.652	40000.0
96	2.644	114.005	1.229	68.677	1.159	0.654	80000.0
97	2.844	109.569	1.355	68.483	1.135	0.651	40000.0
98	2.474	102.916	1.174	64.229	0.955	0.699	40000.0
99	3.039	111.52	1.499	70.209	1.064	0.645	60000.0
100	2.69	114.865	1.312	71.297	1.135	0.618	60000.0
101	3.292	126.644	1.483	75.035	1.256	0.58	60000.0
102	2.801	109.307	1.28	67.588	1.093	0.647	40000.0
103	2.545	104.267	1.192	63.458	1.129	0.662	40000.0
104	2.96	118.835	1.4	73.535	1.221	0.59	40000.0
105	2.791	118.852	1.301	73.118	1.251	0.604	40000.0
106	3.074	119.616	1.392	72.979	1.237	0.601	80000.0
107	3.047	119.644	1.452	72.786	1.219	0.606	80000.0
108	2.949	113.101	1.387	70.162	1.119	0.634	40000.0
109	2.941	119.994	1.43	73.515	1.188	0.614	40000.0
110	3.53	128.416	1.579	76.814	1.27	0.573	60000.0
111	2.56	108.694	1.208	66.881	1.073	0.651	40000.0
112	2.725	112.1	1.269	68.355	1.152	0.662	60000.0
113	2.796	114.768	1.349	71.108	1.138	0.622	40000.0
114	2.471	101.558	1.183	64.567	1.048	0.659	40000.0
115	3.241	123.781	1.463	75.193	1.314	0.557	60000.0
116	2.922	112.89	1.285	67.222	1.172	0.653	60000.0
117	3.277	110.45	1.46	68.416	1.134	0.626	40000.0
118	2.833	114.434	1.341	70.345	1.103	0.648	40000.0
119	2.839	116.805	1.365	71.74	1.164	0.62	40000.0
120	2.686	112.715	1.222	66.71	1.184	0.64	80000.0
121	3.177	123.843	1.466	73.879	1.333	0.571	60000.0
122	2.664	108.782	1.211	67.467	1.161	0.646	80000.0
123	3.017	125.048	1.376	73.942	1.316	0.581	40000.0
124	2.976	122.056	1.427	74.505	1.23	0.586	60000.0
125	3.039	116.847	1.404	70.584	1.172	0.632	60000.0
126	2.921	112.437	1.41	69.129	1.079	0.662	60000.0
127	2.84	112.692	1.293	68.232	1.161	0.642	40000.0
128	2.829	107.669	1.293	66.94	1.033	0.673	40000.0
129	2.78	117.197	1.275	70.399	1.219	0.619	40000.0
130	2.597	112.656	1.198	67.903	1.099	0.646	60000.0
131	3.308	122.155	1.475	76.832	1.243	0.561	40000.0
132	3.087	117.942	1.348	71.81	1.186	0.614	40000.0
133	2.739	114.994	1.289	70.059	1.131	0.63	0.0
134	2.888	109.746	1.293	66.547	1.09	0.656	40000.0
135	2.831	106.736	1.216	66.166	1.111	0.655	40000.0
136	2.904	116.092	1.356	70.167	1.192	0.642	80000.0
137	2.889	112.868	1.348	69.784	1.143	0.643	40000.0
138	3.163	126.074	1.447	75.076	1.446	0.55	40000.0
139	3.078	118.055	1.434	73.215	1.287	0.58	40000.0
140	3.374	125.157	1.553	76.465	1.261	0.582	60000.0
141	2.629	108.119	1.244	68.22	1.055	0.653	80000.0
142	2.72	109.053	1.226	68.295	1.079	0.655	60000.0
143	2.982	123.694	1.379	73.7	1.314	0.597	40000.0
144	2.756	116.271	1.303	70.643	1.072	0.652	40000.0
145	3.107	123.667	1.496	74.821	1.178	0.606	60000.0
146	2.848	112.578	1.356	69.644	1.11	0.649	80000.0
147	2.785	111.793	1.256	67.388	1.113	0.645	60000.0
148	2.821	118.763	1.34	72.659	1.166	0.619	60000.0
149	2.96	122.582	1.408	73.129	1.206	0.596	60000.0
150	2.869	115.627	1.362	70.802	1.27	0.609	0.0
151	2.739	113.524	1.33	69.735	1.156	0.619	40000.0
152	3.185	111.261	1.384	67.609	1.084	0.665	80000.0
153	2.856	116.24	1.361	70.773	1.177	0.636	40000.0
154	2.45	104.198	1.136	63.172	1.003	0.684	60000.0
155	2.881	123.512	1.403	73.699	1.255	0.593	80000.0
156	2.838	120.692	1.329	72.568	1.218	0.607	0.0
157	2.759	111.246	1.271	68.737	1.148	0.638	40000.0
158	3.054	118.574	1.463	72.132	1.148	0.622	40000.0
159	3.12	127.305	1.453	75.356	1.281	0.583	40000.0
160	2.61	107.166	1.263	66.763	1.06	0.673	60000.0
161	3.029	118.652	1.384	72.091	1.131	0.633	0.0
162	2.615	104.418	1.23	63.559	1.14	0.669	40000.0
163	2.67	113.692	1.302	70.827	1.067	0.632	40000.0
164	2.927	118.773	1.369	71.571	1.175	0.612	40000.0
165	3.015	117.196	1.311	70.792	1.256	0.606	60000.0
166	2.534	107.189	1.146	66.904	1.051	0.676	0.0
167	3.252	117.581	1.474	72.339	1.2	0.617	60000.0
168	3.029	118.196	1.359	71.232	1.216	0.613	40000.0
169	2.715	108.532	1.298	67.436	1.079	0.652	60000.0
170	2.676	110.754	1.278	67.963	1.161	0.631	40000.0
171	2.781	111.24	1.265	67.849	1.047	0.664	40000.0
172	2.816	108.853	1.321	67.004	1.107	0.67	80000.0
173	2.806	112.803	1.288	68.155	1.191	0.642	40000.0
174	2.942	117.386	1.408	72.133	1.089	0.633	40000.0
175	2.879	121.857	1.405	73.405	1.22	0.603	80000.0
176	3.142	122.194	1.441	72.521	1.296	0.581	60000.0
177	2.612	115.409	1.282	70.308	1.146	0.614	80000.0
178	3.165	124.566	1.382	74.794	1.258	0.59	40000.0
179	2.548	105.671	1.185	64.959	1.028	0.675	60000.0
180	2.902	116.391	1.314	70.917	1.246	0.623	40000.0
181	2.938	126.429	1.379	75.875	1.356	0.558	60000.0
182	2.847	110.79	1.347	68.592	1.071	0.648	40000.0
183	2.841	116.5	1.35	72.695	1.144	0.622	40000.0
184	2.993	119.594	1.421	70.387	1.232	0.613	60000.0
185	3.687	125.901	1.674	75.995	1.246	0.578	60000.0
186	2.856	105.686	1.295	64.98	1.162	0.648	40000.0
187	2.668	102.634	1.267	64.563	1.028	0.671	60000.0
188	2.927	116.0	1.366	71.677	1.162	0.619	60000.0
189	2.782	117.523	1.262	70.549	1.157	0.634	40000.0
190	3.508	131.644	1.504	77.148	1.387	0.564	60000.0
191	2.688	105.002	1.212	67.008	1.019	0.67	40000.0
192	2.907	117.575	1.402	70.522	1.145	0.641	40000.0
193	3.496	119.593	1.568	71.526	1.264	0.62	40000.0
194	3.61	125.657	1.58	76.02	1.302	0.576	40000.0
195	2.811	120.188	1.362	72.955	1.301	0.578	40000.0
196	3.217	123.729	1.463	73.714	1.252	0.595	80000.0
197	3.052	124.477	1.366	75.09	1.256	0.588	40000.0
198	2.451	108.127	1.155	65.743	1.084	0.651	60000.0
199	2.726	112.7	1.288	68.89	1.104	0.623	80000.0
200	2.644	111.22	1.268	69.809	1.08	0.636	60000.0
