MutationType	ID83A	ID83B	ID83C	ID83D	ID83E	ID83F	ID83G	ID83H
1:Del:C:0	0.09269112697336823	0.05149218559041401	0.022990534272976218	0.036989623223817034	0.03029191223722478	0.09707306011900073	0.04926836637159795	0.05282679295416921
1:Del:C:1	0.03064544068755879	0.07493578257506328	0.010113345782897909	0.024589190079494755	0.041603671595854055	0.00707705380371209	0.021766664618309502	0.016924335714657558
1:Del:C:2	0.0024541661998089027	0.01845336752173836	0.027323482774133084	0.007941604974943032	0.01661131688757081	0.0005764664552183518	0.008384130107614567	0.008234044675532726
1:Del:C:3	0.004778095319652991	0.004263548222467764	0.0036130150380799765	0.0057816231479986754	0.003220313592241908	0.000477929029702473	0.003534375308854294	0.00442997920325567
1:Del:C:4	0.0003567237142515867	0.008077544051658113	0.0027948098410551124	0.004618236897372591	0.004966639043020363	0.0056886629629129	0.006438456934042201	0.006035348157476932
1:Del:C:5	0.00043699423188325425	0.004799804272102204	0.0086435163045563	0.0040959989658709796	0.007730956560250632	0.007733532452698606	0.010178789631233372	0.006918632361743562
1:Del:T:0	0.05952060185706415	0.1932916971296072	0.01568147339110496	0.006702461088141262	0.014231788122809803	0.009525421378846488	0.029553413999225092	0.014699285762746763
1:Del:T:1	0.04104991363374097	0.07992136012906755	0.009400865394184237	0.007324571224131802	0.007616761665136415	0.007534099795009226	0.004525036603485368	0.032864265341110574
1:Del:T:2	0.0372272550949026	0.017501212659234967	0.012472563298667865	0.027253301780847464	0.018510215516056406	0.0012116394314408297	0.01490170332180945	0.02602462287682158
1:Del:T:3	0.004318975999928227	0.0031798074914594922	0.024746305935062198	0.046919702762033354	0.008445686389027927	0.02029849371623527	0.023295096140197983	0.014849510507776244
1:Del:T:4	6.680261974544522e-05	0.02057462667546389	0.030961886688014105	0.01168872597775824	0.010685588929222197	0.015160425776836206	0.016318535728993916	0.011216592802348373
1:Del:T:5	0.0005107817444945795	0.022938393272106127	0.24568616244010627	0.025696844928288984	0.03497283690366935	0.0011922240604707924	0.010200563906770058	0.02455252139224221
1:Ins:C:0	0.0042720555565313135	0.011384187615812778	0.019090698932546956	0.019392967964982404	0.036269813956650125	0.038468905236043155	0.07575710074100081	0.020296816129991554
1:Ins:C:1	0.005879651052019881	0.008957585860635433	0.008194709749602751	0.0011179419871901785	0.017562774726626172	0.011596524160562147	0.008964097464937027	0.01467314254441387
1:Ins:C:2	0.00388911375157003	0.00029842550045489525	0.005130651387563248	0.0038920633103919134	0.0024038063777702765	0.0027202170274015815	0.003527438162724501	0.007416994239133601
1:Ins:C:3	0.0002145836327952999	0.0034402884557418025	0.014933886171624024	0.001185076367868243	0.009269011250559914	0.0003680345460344325	0.0028807013850007924	0.003166658011969652
1:Ins:C:4	0.001961857495009349	0.000246574754375839	0.0027815900879650714	0.0041212079694711076	0.0036341437671637777	0.0014674598891141243	0.004493415048597047	0.0039283220333074095
1:Ins:C:5	0.00021953887126690218	0.013917059018771312	0.008667305153124118	0.008374711413380566	0.010330486910524642	0.0030385256395007686	0.006776981457585247	0.006594649118365785
1:Ins:T:0	0.011542154228139622	0.0037579584550465482	0.004266276693269166	0.017789867947713277	0.006945736965552669	0.24067066596820952	0.019965690675456428	0.02155768108564061
1:Ins:T:1	0.04824395524850047	0.030805738093016545	0.008251736392807487	0.016332801484035143	0.013671314701151118	0.028195278512343408	0.029027776817986788	0.05511459915365222
1:Ins:T:2	0.014776304704224686	0.0076516408541441195	0.003087230053902559	0.00898481597385878	0.009602230911273785	0.013608638919248718	0.006008909288598367	0.011787668112416647
1:Ins:T:3	0.006984634141982724	0.014779474209029501	0.013897326795024388	0.005682742234697341	0.017589927820547472	0.00861767943185601	0.00560269486780049	0.013528785775676084
1:Ins:T:4	9.968392897796718e-08	0.0003681352421498207	0.006860724621847964	0.005898772025227572	0.006100477528706776	0.002353981492937045	0.004183882198581941	0.0027061472337300075
1:Ins:T:5	0.013632054071372295	0.09820816941131681	0.11604425281545616	0.03606541174003226	0.229870948749317	0.002608781212332745	0.03836713827529366	0.03778481600006756
2:Del:R:0	0.02161967027479591	0.022620915612661684	0.009656301180920934	0.02542203195684806	0.02236121627834109	0.020745430632910598	0.031574827698278574	0.01916098807869443
2:Del:R:1	0.021684939912194067	0.00993770943838058	0.021093140572304492	0.18012331372126936	0.026795125949737583	0.011197119518438398	0.05288890385025695	0.029728333738107154
2:Del:R:2	0.0020429573960513638	0.0014034283870917009	0.011482026823003864	0.01475927886386998	0.026088800572721452	0.0018399812786959301	0.023080107502935335	0.00775703705070292
2:Del:R:3	0.006055653675188051	0.0011745166693226494	0.0016736395324709297	0.0018031649703249642	0.002687791765914085	0.0038630740592394373	0.004642301689788511	0.00656527520576006
2:Del:R:4	0.000155038599914941	0.0020374303146307327	0.0017285704161432846	0.0012467393458756137	0.00019511542886492704	0.0009908264242872633	0.0004384196082054359	0.0011926972282683224
2:Del:R:5	1.4568644595591707e-07	0.00033715012128668673	0.005380487685276183	0.00484659321464143	0.001868446152299299	0.0002828840228543328	0.0020401286849897815	0.0008248200436057207
3:Del:R:0	0.008950082901476577	0.012419776746525812	0.0007734908831611164	0.004124424174176831	0.0039046123907593255	0.017242144626712523	0.013168370582731938	0.01318026946675669
3:Del:R:1	0.008007692375836086	0.003964900274550303	0.05229967257063208	0.059773862515231715	0.04418111510467639	0.0030459322811142897	0.02252732840985118	0.01909811731678884
3:Del:R:2	0.0006004377930904204	8.504440717299833e-05	0.0028799528108478436	0.011140296220733531	0.003371458407903205	0.013436979048435091	0.009948453865706508	0.005401070586965675
3:Del:R:3	1.9943782271152344e-05	7.713573300522913e-05	0.0009306722671067647	0.005472912024635263	0.006129494897074643	0.003630986986473914	0.005906470356640767	0.0066674354678377765
3:Del:R:4	7.654067657663965e-05	0.00015415388549169684	0.001130160573110026	0.0023211626411097797	0.0019622025879700543	0.000289900915904866	0.001246198465815418	0.0020588444623745785
3:Del:R:5	0.0020022577818332187	0.0005416031820468703	0.00043024911233388255	0.0012206218248915234	0.0006535076037658527	0.0006817717353655439	0.0009578932757430181	0.0008479029889914891
4:Del:R:0	0.01166196583411164	0.001992496731476354	0.004743595465304367	0.0028955583965999663	0.0063720737316733354	0.00032441069799652665	0.0032882581669164868	0.005883425065895196
4:Del:R:1	0.007436702333525318	0.002628951244048796	0.005189710135914432	0.007515699248681038	0.009462278331565344	0.010878917339047263	0.019787676262658635	0.019214032084915404
4:Del:R:2	0.0002709353164321726	0.00035320180249868825	0.0034788244181305217	0.011884071549639002	0.002726331488146343	0.0021005405837068738	0.008367682974242499	0.003667535201343188
4:Del:R:3	0.0017961006370871147	0.0005179595699894612	4.8275948235412256e-05	0.0006177537259744648	0.0014776900120950164	0.003043324121666373	0.0017804966161373502	0.0014804896572287697
4:Del:R:4	4.544142288021025e-07	1.1479360270549853e-06	2.1439932747568948e-06	2.894781813100877e-06	4.200665175346785e-06	5.356344782967426e-06	4.168932634076583e-06	3.6411170632533187e-06
4:Del:R:5	4.544142288021025e-07	1.1479360270549853e-06	2.1439932747568948e-06	2.894781813100877e-06	4.200665175346785e-06	5.356344782967426e-06	4.168932634076583e-06	3.6411170632533187e-06
5:Del:R:0	0.06778779697895061	0.012506191986217345	0.01470132506594389	0.02088896579220105	0.013988998823677719	0.006169779407768132	0.012526351590594835	0.019883702448318562
5:Del:R:1	0.005932693849152884	0.007107701214451794	0.002085775697852128	0.015228001495591528	0.005617210070045359	0.02039543473949628	0.021209782698546818	0.006334796029502083
5:Del:R:2	0.0034810706696185	0.0006977953585130602	0.00017234098212053794	0.002444605775895479	0.0016927004614570417	0.0025541005947120787	0.0034020808205146324	0.003017873655639014
5:Del:R:3	0.002722756969997864	0.00036806797256427437	0.0002796168825285683	0.0029218340892711225	0.0004189647262871432	0.0013497536171581713	0.0015781626762669276	0.0027280372545162657
5:Del:R:4	0.00043495422490046564	6.976203257035962e-05	0.00020374075336163422	0.00045941769765761364	0.0001928572517789462	0.0003640966657934541	0.0007164284825931589	0.0004339465672203602
5:Del:R:5	4.544142288021025e-07	1.1479360270549853e-06	2.1439932747568948e-06	2.894781813100877e-06	4.200665175346785e-06	5.356344782967426e-06	4.168932634076583e-06	3.6411170632533187e-06
2:Ins:R:0	0.003657013016468653	0.0028015551821416198	0.012573181940530843	0.012381451066642448	0.014952308180793352	0.06015896886701981	0.03747551615837864	0.03330644658693203
2:Ins:R:1	0.005913124127042551	0.009203582951992645	0.0049754866427940666	0.009911901830987233	0.010759157114054597	0.025015575172756817	0.0142263579474195	0.010693545254883575
2:Ins:R:2	0.007869717072333558	0.00648651590258897	0.0027330422071129277	0.001195436986419014	0.0018627906964044528	0.001483817063034607	0.0019462909899486914	0.0028769087380424454
2:Ins:R:3	0.006034875388411791	0.00025508083487004287	0.003093794928538465	0.002910385730093632	0.0011827824346833183	0.0028539445686670815	0.00411603881007327	0.0055174380824935445
2:Ins:R:4	0.0001270390445459668	0.002854194932088774	0.001781563699082671	0.0019982463447142606	0.0020346840669743216	0.0033316015299433843	0.002071234614658355	0.001814896067787366
2:Ins:R:5	0.007900008903277822	0.0044172121347977366	0.004107250823674473	0.0029674498861334084	0.0036057110198329666	0.001339906040240315	0.004775206731824904	0.004042982235720399
3:Ins:R:0	0.0049029452565304155	0.0004393812669770192	0.0022707682243180826	0.003968125092093295	0.007505342597968739	0.0043863847407619	0.007529347066892882	0.014650011593905842
3:Ins:R:1	0.011509239487049001	0.0005824703163241729	0.0015911647011605278	0.006073008863085843	0.0015465344045156827	0.00070794437293209	0.0017503716691120409	0.0016155740468556245
3:Ins:R:2	0.00020801560694232445	0.002561287723525396	0.002993236539869315	0.002288092977932017	0.004114718972671554	0.00024072315250034393	0.0013222284166786835	0.0018948192631058447
3:Ins:R:3	4.544142288021025e-07	1.1479360270549853e-06	2.1439932747568948e-06	2.894781813100877e-06	4.200665175346785e-06	5.356344782967426e-06	4.168932634076583e-06	3.6411170632533187e-06
3:Ins:R:4	0.0019806590196802887	0.0002377114763842414	0.0002010950149354618	0.00024841827191083963	0.00022089700224743326	1.807072533360099e-05	0.00043749393031262686	0.0014539152064732264
3:Ins:R:5	0.00029293858036769647	0.0004977920369847944	0.0024799560190636337	0.0005687268726071237	0.001802859281982032	0.001362425238613625	0.0014521014588537806	0.0029845451445883243
4:Ins:R:0	0.005953887570363818	0.0009913070218083454	0.006321609085644742	0.007168565442532504	0.0036189328956575915	0.0071929169888609356	0.006100942923626036	0.012301461098297963
4:Ins:R:1	0.004743354378185813	0.008931616560151099	0.012559560587916607	0.0052307585317084996	0.002740204919924949	0.002682965173469456	0.0032625547274709277	0.007864493652311256
4:Ins:R:2	0.0003917924727592981	0.0005877393614211712	0.0002950870475713785	0.0003773331713803074	0.0013210819887164505	3.8288985842527265e-06	0.0008510505255614298	0.0017872177736362894
4:Ins:R:3	0.0016639855295696648	0.00021522811151832854	0.002193667722679855	0.0013033084070826818	0.001686311976697361	0.000404576046139784	0.0011887029734370814	0.001945099653433644
4:Ins:R:4	0.0062793327945788934	0.000263215638070875	0.0018746132391062398	0.002973093297040812	0.0007531207058359258	0.0002490109933302165	0.0014646268468511269	0.0013523615011062163
4:Ins:R:5	0.010345116939390948	0.0015560837784597402	0.0027231814706913937	0.0033871619951706578	0.011318821309551863	0.005791745244757252	0.009790577177605399	0.008849921958194357
5:Ins:R:0	0.03801290183499503	0.01717804696003007	0.0010183810648506154	0.0025619403336575174	0.008369339301800309	0.006576666272187035	0.013347863366946483	0.03561958645878633
5:Ins:R:1	0.010777229903329442	0.01082995081642821	0.02119049154272055	0.009668742088642972	0.010276758895649322	0.02449952848195785	0.013307240470258393	0.027838246938221404
5:Ins:R:2	0.004078544521504313	0.0006529818904915297	0.00023288324330332345	0.0007032355179141625	0.0009806739428796618	0.004722303827510146	0.0026794310011369047	0.0033993119233462375
5:Ins:R:3	0.00018615015529128517	0.0005370759090770605	0.0014115281125042145	0.0009121360073221929	0.002108008138629245	0.0029920815394591216	0.003033048637114657	0.004077359223185475
5:Ins:R:4	0.009413613052828857	0.0007165350100741907	0.0008752187213041651	0.001780325826698208	0.0014325529868156296	0.00026771099620797044	0.0022756740875408	0.00366794757876697
5:Ins:R:5	0.0037478144087122445	0.0003134731973064753	0.0009028207913821351	0.00148773345733479	0.0009145176934092802	0.002543391372604873	0.001593453220637624	0.003555252750892777
2:Del:M:1	0.01177120247391315	0.01192204458349849	0.019202591283932976	0.06468664731380386	0.028504122523165733	0.11028105771436912	0.09375139017064385	0.02521680918851217
3:Del:M:1	0.01814782257415743	0.006144289502967979	0.011189805528568932	0.003935217162713052	0.003919253998955002	0.0012394536667226408	0.003823589574028503	0.009018133951723293
3:Del:M:2	0.007043724804208296	0.0010675530138923505	0.020885125544192248	0.012171753073399145	0.024660732314091903	0.004405931161066193	0.018404089732829084	0.05346770278279564
4:Del:M:1	0.005364862270714781	0.009483831747074234	0.005686407840046215	0.00782580879428683	0.013359148915013356	0.0024063481498977166	0.007086743705389296	0.012570224561914074
4:Del:M:2	0.0015853829962831512	0.001692576903368972	0.002183815639702189	0.012618522311423136	0.0025255538185601977	0.011723102945266567	0.013003432337527982	0.0048464787944517695
4:Del:M:3	0.005921087599900545	0.000646998375143717	0.004819000455893701	0.018019033747332856	0.02426110686224348	0.006231991063823977	0.02250780898844468	0.024093667745737547
5:Del:M:1	0.08941273172176352	0.030481891277320303	0.02264487428427792	0.027546926899319146	0.03700156788423556	0.0013844608151163129	0.02634213538572567	0.011525132465276328
5:Del:M:2	0.08055900813676427	0.043476877950918154	0.036081078183345314	0.015301154110277366	0.006442590650646134	0.0008560802482540453	0.006853856412951984	0.01473903327279114
5:Del:M:3	0.03849110794679291	0.019133019882531528	0.0022088603831525687	0.018619696571005394	0.004037399867920452	0.0027744975965647667	0.0067226483316519745	0.012342261774020074
5:Del:M:4	0.01590684170311164	0.00481873194286738	0.011355911934215148	0.0160209923532612	0.003264015481117699	0.005507926406490462	0.008343707150936588	0.018659802957338253
5:Del:M:5	0.021391890502793557	0.02377710106248287	0.0073384549276200774	0.005626523548177858	0.012613253838791322	0.042650572675991046	0.012149305621900908	0.027138014766237006
