MutationType	ID83A	ID83B	ID83C	ID83D	ID83E	ID83F	ID83G	ID83H
1:Del:C:0	2.23E-03	2.30E-03	1.88E-03	2.49E-03	2.57E-03	3.58E-03	3.54E-03	3.73E-03
1:Del:C:1	1.58E-03	2.44E-03	1.28E-03	2.03E-03	2.90E-03	1.04E-03	1.95E-03	2.01E-03
1:Del:C:2	3.88E-04	1.16E-03	1.93E-03	1.23E-03	1.65E-03	2.57E-04	1.32E-03	1.17E-03
1:Del:C:3	3.58E-04	4.48E-04	4.78E-04	5.94E-04	4.93E-04	1.76E-04	5.02E-04	5.47E-04
1:Del:C:4	1.82E-04	5.72E-04	5.64E-04	6.26E-04	6.84E-04	6.03E-04	8.72E-04	7.86E-04
1:Del:C:5	3.10E-04	5.29E-04	8.71E-04	6.49E-04	8.90E-04	7.74E-04	1.04E-03	8.58E-04
1:Del:T:0	2.73E-03	4.83E-03	1.86E-03	1.21E-03	1.95E-03	1.26E-03	3.58E-03	2.49E-03
1:Del:T:1	2.08E-03	3.18E-03	1.64E-03	1.22E-03	1.32E-03	1.15E-03	9.14E-04	4.01E-03
1:Del:T:2	1.52E-03	1.06E-03	1.25E-03	2.18E-03	2.02E-03	3.82E-04	1.96E-03	2.69E-03
1:Del:T:3	5.32E-04	4.26E-04	1.84E-03	2.86E-03	1.29E-03	1.76E-03	2.21E-03	1.40E-03
1:Del:T:4	6.64E-05	1.41E-03	2.21E-03	1.45E-03	1.62E-03	1.51E-03	1.96E-03	1.92E-03
1:Del:T:5	5.11E-04	2.40E-03	5.80E-03	2.63E-03	3.99E-03	7.52E-04	1.81E-03	3.27E-03
1:Ins:C:0	3.71E-04	8.64E-04	1.84E-03	2.43E-03	3.30E-03	3.11E-03	5.66E-03	2.65E-03
1:Ins:C:1	6.14E-04	8.90E-04	8.61E-04	3.80E-04	1.66E-03	1.23E-03	1.35E-03	1.73E-03
1:Ins:C:2	3.19E-04	1.34E-04	5.75E-04	5.88E-04	4.51E-04	4.54E-04	5.86E-04	8.68E-04
1:Ins:C:3	2.12E-04	4.44E-04	1.00E-03	3.77E-04	9.21E-04	1.40E-04	6.05E-04	6.43E-04
1:Ins:C:4	1.65E-04	1.39E-04	3.41E-04	4.98E-04	5.41E-04	2.99E-04	5.55E-04	5.10E-04
1:Ins:C:5	1.12E-04	9.27E-04	9.21E-04	8.85E-04	1.11E-03	6.13E-04	1.03E-03	1.08E-03
1:Ins:T:0	8.42E-04	5.10E-04	8.55E-04	2.15E-03	1.36E-03	5.45E-03	2.34E-03	2.69E-03
1:Ins:T:1	2.07E-03	2.28E-03	1.32E-03	1.82E-03	1.81E-03	2.16E-03	3.25E-03	4.52E-03
1:Ins:T:2	7.32E-04	7.75E-04	5.38E-04	1.05E-03	1.42E-03	1.26E-03	8.62E-04	1.40E-03
1:Ins:T:3	4.07E-04	1.04E-03	1.23E-03	1.22E-03	1.70E-03	1.10E-03	1.14E-03	1.77E-03
1:Ins:T:4	1.81E-08	1.57E-04	6.55E-04	7.20E-04	7.43E-04	5.22E-04	6.73E-04	4.76E-04
1:Ins:T:5	1.14E-03	4.57E-03	5.49E-03	3.10E-03	7.06E-03	1.00E-03	3.75E-03	3.57E-03
2:Del:R:0	1.08E-03	1.55E-03	1.01E-03	2.15E-03	2.01E-03	1.76E-03	2.64E-03	1.99E-03
2:Del:R:1	1.35E-03	6.97E-04	2.17E-03	5.28E-03	2.92E-03	2.08E-03	3.73E-03	3.06E-03
2:Del:R:2	3.43E-04	5.47E-04	1.41E-03	1.65E-03	2.43E-03	5.96E-04	2.29E-03	1.32E-03
2:Del:R:3	3.77E-04	2.72E-04	3.67E-04	3.26E-04	4.03E-04	5.45E-04	5.80E-04	7.83E-04
2:Del:R:4	6.37E-05	1.92E-04	2.23E-04	2.12E-04	6.63E-05	1.98E-04	1.41E-04	2.44E-04
2:Del:R:5	3.15E-08	1.75E-04	4.78E-04	4.52E-04	3.24E-04	1.13E-04	3.13E-04	2.76E-04
3:Del:R:0	6.26E-04	9.81E-04	2.12E-04	5.83E-04	7.27E-04	1.19E-03	1.42E-03	1.49E-03
3:Del:R:1	7.15E-04	6.65E-04	3.08E-03	3.93E-03	3.71E-03	7.26E-04	2.53E-03	2.48E-03
3:Del:R:2	2.54E-04	4.95E-05	4.66E-04	1.05E-03	5.73E-04	9.77E-04	1.09E-03	8.73E-04
3:Del:R:3	1.40E-05	4.21E-05	3.25E-04	6.31E-04	7.43E-04	5.26E-04	7.73E-04	9.14E-04
3:Del:R:4	4.93E-05	5.28E-05	1.86E-04	2.90E-04	3.01E-04	1.08E-04	2.85E-04	3.52E-04
3:Del:R:5	1.92E-04	1.24E-04	1.02E-04	1.92E-04	1.37E-04	1.44E-04	2.06E-04	2.03E-04
4:Del:R:0	5.41E-04	4.61E-04	4.75E-04	4.99E-04	7.36E-04	1.13E-04	5.41E-04	8.85E-04
4:Del:R:1	6.80E-04	7.50E-04	8.38E-04	8.94E-04	1.27E-03	1.25E-03	1.82E-03	1.70E-03
4:Del:R:2	1.55E-04	1.67E-04	5.53E-04	1.01E-03	4.69E-04	5.27E-04	1.01E-03	6.23E-04
4:Del:R:3	1.62E-04	1.92E-04	3.41E-05	1.45E-04	2.56E-04	3.25E-04	2.49E-04	2.66E-04
4:Del:R:4	4.05E-08	7.06E-08	6.30E-08	7.57E-08	1.04E-07	7.91E-08	1.08E-07	1.18E-07
4:Del:R:5	4.05E-08	7.06E-08	6.30E-08	7.57E-08	1.04E-07	7.91E-08	1.08E-07	1.18E-07
5:Del:R:0	2.32E-03	1.53E-03	1.49E-03	2.14E-03	1.88E-03	1.09E-03	1.72E-03	2.59E-03
5:Del:R:1	5.39E-04	7.66E-04	5.01E-04	1.33E-03	1.02E-03	1.67E-03	2.07E-03	9.66E-04
5:Del:R:2	2.44E-04	2.14E-04	9.33E-05	3.48E-04	3.30E-04	4.12E-04	4.68E-04	4.54E-04
5:Del:R:3	2.46E-04	9.35E-05	1.49E-04	3.05E-04	1.58E-04	2.36E-04	2.82E-04	3.81E-04
5:Del:R:4	7.94E-05	4.30E-05	8.88E-05	9.97E-05	6.20E-05	9.88E-05	1.73E-04	1.13E-04
5:Del:R:5	4.05E-08	7.06E-08	6.30E-08	7.57E-08	1.04E-07	7.91E-08	1.08E-07	1.18E-07
2:Ins:R:0	6.26E-04	4.94E-04	1.71E-03	2.16E-03	2.37E-03	4.16E-03	4.52E-03	3.94E-03
2:Ins:R:1	6.78E-04	9.23E-04	7.29E-04	1.28E-03	1.35E-03	1.75E-03	1.90E-03	1.71E-03
2:Ins:R:2	3.93E-04	4.93E-04	3.32E-04	2.78E-04	3.19E-04	2.56E-04	3.42E-04	4.58E-04
2:Ins:R:3	3.96E-04	9.15E-05	4.38E-04	4.39E-04	2.63E-04	4.68E-04	6.48E-04	6.97E-04
2:Ins:R:4	6.06E-05	2.91E-04	2.52E-04	3.12E-04	3.36E-04	3.35E-04	3.38E-04	3.52E-04
2:Ins:R:5	5.53E-04	4.44E-04	5.02E-04	4.94E-04	5.27E-04	3.23E-04	6.29E-04	6.91E-04
3:Ins:R:0	4.48E-04	1.35E-04	5.31E-04	6.74E-04	9.31E-04	7.03E-04	1.02E-03	1.32E-03
3:Ins:R:1	5.19E-04	1.62E-04	2.55E-04	5.61E-04	2.75E-04	1.97E-04	3.00E-04	3.27E-04
3:Ins:R:2	8.46E-05	2.87E-04	4.17E-04	4.29E-04	4.73E-04	1.26E-04	2.64E-04	3.68E-04
3:Ins:R:3	4.05E-08	7.06E-08	6.30E-08	7.57E-08	1.04E-07	7.91E-08	1.08E-07	1.18E-07
3:Ins:R:4	1.62E-04	7.19E-05	1.03E-04	9.63E-05	7.95E-05	1.38E-05	1.48E-04	1.98E-04
3:Ins:R:5	9.22E-05	1.12E-04	3.17E-04	1.48E-04	3.25E-04	3.36E-04	2.61E-04	4.19E-04
4:Ins:R:0	4.22E-04	3.11E-04	7.66E-04	9.20E-04	7.50E-04	9.39E-04	8.60E-04	1.23E-03
4:Ins:R:1	4.00E-04	6.12E-04	9.79E-04	6.48E-04	4.80E-04	4.54E-04	6.03E-04	1.03E-03
4:Ins:R:2	8.93E-05	1.23E-04	9.46E-05	9.30E-05	2.17E-04	2.06E-07	1.92E-04	2.88E-04
4:Ins:R:3	1.64E-04	1.04E-04	3.01E-04	2.52E-04	2.76E-04	1.24E-04	2.26E-04	3.48E-04
4:Ins:R:4	3.35E-04	8.95E-05	2.27E-04	3.84E-04	1.96E-04	1.02E-04	2.77E-04	2.72E-04
4:Ins:R:5	6.25E-04	3.81E-04	5.37E-04	7.17E-04	1.29E-03	9.91E-04	1.25E-03	1.32E-03
5:Ins:R:0	2.09E-03	2.26E-03	2.88E-04	7.44E-04	1.47E-03	1.26E-03	2.54E-03	3.91E-03
5:Ins:R:1	8.64E-04	8.38E-04	1.70E-03	1.56E-03	1.66E-03	2.26E-03	2.18E-03	2.87E-03
5:Ins:R:2	2.82E-04	1.99E-04	7.90E-05	1.88E-04	2.42E-04	4.26E-04	4.34E-04	4.44E-04
5:Ins:R:3	7.44E-05	1.77E-04	2.70E-04	2.12E-04	3.38E-04	4.07E-04	4.25E-04	5.18E-04
5:Ins:R:4	4.73E-04	2.00E-04	1.80E-04	2.85E-04	3.16E-04	1.06E-04	3.48E-04	6.01E-04
5:Ins:R:5	2.62E-04	1.03E-04	1.90E-04	2.42E-04	2.05E-04	3.28E-04	3.03E-04	4.48E-04
2:Del:M:1	1.02E-03	1.68E-03	1.67E-03	4.17E-03	2.73E-03	4.49E-03	5.32E-03	2.53E-03
3:Del:M:1	8.90E-04	5.77E-04	9.54E-04	6.00E-04	5.86E-04	4.47E-04	5.77E-04	1.17E-03
3:Del:M:2	8.58E-04	3.68E-04	1.91E-03	1.53E-03	2.57E-03	8.17E-04	2.04E-03	3.61E-03
4:Del:M:1	4.42E-04	6.79E-04	6.88E-04	1.00E-03	1.21E-03	5.48E-04	1.02E-03	1.24E-03
4:Del:M:2	2.10E-04	5.41E-04	4.61E-04	1.24E-03	6.63E-04	1.17E-03	1.40E-03	9.20E-04
4:Del:M:3	6.44E-04	2.19E-04	1.03E-03	1.97E-03	2.25E-03	1.20E-03	2.30E-03	2.73E-03
5:Del:M:1	2.76E-03	1.72E-03	2.05E-03	2.33E-03	3.07E-03	4.85E-04	2.91E-03	1.91E-03
5:Del:M:2	2.32E-03	2.17E-03	2.18E-03	1.74E-03	1.25E-03	3.92E-04	1.24E-03	2.07E-03
5:Del:M:3	1.47E-03	1.10E-03	4.22E-04	1.48E-03	7.47E-04	7.06E-04	9.91E-04	1.74E-03
5:Del:M:4	9.30E-04	6.27E-04	1.22E-03	1.46E-03	6.53E-04	7.45E-04	1.10E-03	1.84E-03
5:Del:M:5	1.03E-03	1.34E-03	1.07E-03	9.29E-04	1.57E-03	2.64E-03	1.54E-03	2.60E-03
