MutationType	ID83A	ID83B	ID83C	ID83D	ID83E
1:Del:C:0	1.32E-03	2.23E-03	1.35E-03	2.21E-03	2.11E-03
1:Del:C:1	1.23E-03	1.50E-03	1.70E-03	2.29E-03	8.19E-04
1:Del:C:2	3.17E-04	9.09E-04	1.22E-03	1.20E-03	2.32E-04
1:Del:C:3	2.99E-04	4.60E-04	3.21E-04	4.11E-04	2.35E-04
1:Del:C:4	2.28E-04	4.75E-04	3.93E-04	5.57E-04	6.62E-04
1:Del:C:5	1.39E-04	5.45E-04	6.38E-04	6.59E-04	6.67E-04
1:Del:T:0	3.34E-03	1.31E-03	1.97E-03	5.62E-03	1.26E-03
1:Del:T:1	2.02E-03	1.00E-03	1.09E-03	3.00E-03	6.95E-04
1:Del:T:2	1.09E-03	1.42E-03	9.40E-04	1.42E-03	6.68E-04
1:Del:T:3	3.40E-04	1.84E-03	1.14E-03	1.32E-03	1.59E-03
1:Del:T:4	1.43E-04	1.17E-03	1.36E-03	1.38E-03	1.19E-03
1:Del:T:5	1.94E-08	2.99E-03	3.70E-03	2.34E-03	8.84E-04
1:Ins:C:0	3.44E-04	2.66E-03	1.74E-03	2.34E-03	2.21E-03
1:Ins:C:1	4.63E-04	6.37E-04	9.05E-04	1.01E-03	7.77E-04
1:Ins:C:2	2.39E-04	4.04E-04	4.12E-04	4.13E-04	4.45E-04
1:Ins:C:3	6.36E-05	4.20E-04	6.28E-04	4.80E-04	1.08E-04
1:Ins:C:4	1.55E-04	4.39E-04	2.39E-04	2.97E-04	2.81E-04
1:Ins:C:5	2.28E-04	6.65E-04	7.57E-04	8.77E-04	3.55E-04
1:Ins:T:0	7.95E-04	2.01E-03	7.12E-04	1.57E-03	3.36E-03
1:Ins:T:1	1.43E-03	2.09E-03	7.05E-04	2.22E-03	1.69E-03
1:Ins:T:2	6.74E-04	7.42E-04	4.79E-04	7.51E-04	8.31E-04
1:Ins:T:3	3.83E-04	8.20E-04	9.76E-04	9.56E-04	7.97E-04
1:Ins:T:4	2.74E-05	4.71E-04	5.12E-04	3.83E-04	4.17E-04
1:Ins:T:5	8.34E-04	3.99E-03	4.54E-03	4.83E-03	1.59E-03
2:Del:R:0	7.43E-04	1.48E-03	1.09E-03	1.43E-03	1.38E-03
2:Del:R:1	9.92E-04	3.88E-03	2.09E-03	2.38E-03	2.69E-03
2:Del:R:2	3.17E-04	1.54E-03	1.08E-03	1.28E-03	6.57E-04
2:Del:R:3	3.19E-04	3.26E-04	2.55E-04	4.43E-04	3.07E-04
2:Del:R:4	9.54E-05	1.45E-04	1.47E-04	1.64E-04	1.07E-04
2:Del:R:5	2.80E-08	3.31E-04	3.03E-04	2.00E-04	1.23E-04
3:Del:R:0	4.78E-04	6.91E-04	2.25E-04	6.69E-04	8.32E-04
3:Del:R:1	6.14E-04	2.48E-03	2.14E-03	1.91E-03	1.06E-03
3:Del:R:2	1.74E-04	7.50E-04	3.94E-04	4.46E-04	8.15E-04
3:Del:R:3	3.78E-05	5.17E-04	3.25E-04	5.04E-04	5.21E-04
3:Del:R:4	3.86E-05	2.11E-04	1.87E-04	1.76E-04	1.06E-04
3:Del:R:5	1.53E-04	1.34E-04	8.94E-05	1.19E-04	8.75E-05
4:Del:R:0	4.08E-04	4.01E-04	3.30E-04	4.90E-04	2.15E-04
4:Del:R:1	3.84E-04	1.05E-03	6.50E-04	1.06E-03	1.06E-03
4:Del:R:2	1.72E-04	6.26E-04	3.63E-04	4.16E-04	5.03E-04
4:Del:R:3	1.25E-04	1.46E-04	6.68E-05	1.59E-04	2.47E-04
4:Del:R:4	3.06E-08	7.10E-08	6.95E-08	1.03E-07	6.54E-08
4:Del:R:5	3.06E-08	7.10E-08	6.95E-08	1.03E-07	6.54E-08
5:Del:R:0	1.47E-03	1.45E-03	9.93E-04	1.12E-03	1.11E-03
5:Del:R:1	4.06E-04	1.16E-03	3.59E-04	7.75E-04	1.18E-03
5:Del:R:2	2.10E-04	3.02E-04	6.12E-05	2.13E-04	3.30E-04
5:Del:R:3	1.84E-04	2.32E-04	6.12E-05	1.68E-04	2.51E-04
5:Del:R:4	6.63E-05	7.59E-05	4.63E-05	7.86E-05	7.49E-05
5:Del:R:5	3.06E-08	7.10E-08	6.95E-08	1.03E-07	6.54E-08
2:Ins:R:0	2.36E-04	1.91E-03	1.58E-03	2.23E-03	2.64E-03
2:Ins:R:1	3.74E-04	8.26E-04	5.66E-04	8.85E-04	1.09E-03
2:Ins:R:2	3.45E-04	2.14E-04	2.49E-04	3.66E-04	2.09E-04
2:Ins:R:3	3.34E-04	4.38E-04	2.69E-04	3.02E-04	3.70E-04
2:Ins:R:4	1.03E-04	2.12E-04	2.05E-04	2.99E-04	2.60E-04
2:Ins:R:5	3.70E-04	3.60E-04	3.84E-04	4.77E-04	2.96E-04
3:Ins:R:0	3.27E-04	6.49E-04	4.45E-04	7.11E-04	7.00E-04
3:Ins:R:1	3.73E-04	3.77E-04	2.01E-04	2.10E-04	2.17E-04
3:Ins:R:2	7.06E-05	2.85E-04	3.02E-04	2.75E-04	1.77E-04
3:Ins:R:3	3.06E-08	7.10E-08	6.95E-08	1.03E-07	6.54E-08
3:Ins:R:4	1.27E-04	9.68E-05	3.65E-05	9.15E-05	4.69E-05
3:Ins:R:5	8.56E-05	1.94E-04	2.44E-04	1.58E-04	1.96E-04
4:Ins:R:0	3.88E-04	6.51E-04	5.06E-04	6.26E-04	7.48E-04
4:Ins:R:1	3.66E-04	5.98E-04	6.82E-04	5.52E-04	4.00E-04
4:Ins:R:2	8.05E-05	1.06E-04	1.16E-04	1.40E-04	5.48E-05
4:Ins:R:3	1.29E-04	2.00E-04	1.92E-04	1.98E-04	1.93E-04
4:Ins:R:4	2.65E-04	2.29E-04	1.67E-04	1.79E-04	1.09E-04
4:Ins:R:5	4.90E-04	6.89E-04	4.81E-04	8.52E-04	7.91E-04
5:Ins:R:0	1.52E-03	1.12E-03	3.93E-04	1.47E-03	1.35E-03
5:Ins:R:1	6.76E-04	1.05E-03	1.32E-03	1.41E-03	1.75E-03
5:Ins:R:2	2.26E-04	2.17E-04	6.95E-05	2.22E-04	3.23E-04
5:Ins:R:3	7.44E-05	1.94E-04	2.33E-04	2.64E-04	3.41E-04
5:Ins:R:4	3.57E-04	2.87E-04	1.63E-04	2.49E-04	1.94E-04
5:Ins:R:5	2.17E-04	1.80E-04	1.01E-04	1.89E-04	3.23E-04
2:Del:M:1	5.79E-04	3.22E-03	1.53E-03	2.16E-03	3.00E-03
3:Del:M:1	6.82E-04	5.52E-04	5.27E-04	5.80E-04	4.78E-04
3:Del:M:2	6.31E-04	1.75E-03	1.62E-03	1.93E-03	1.44E-03
4:Del:M:1	3.67E-04	7.26E-04	6.31E-04	8.59E-04	5.20E-04
4:Del:M:2	1.76E-04	8.67E-04	3.76E-04	4.82E-04	9.07E-04
4:Del:M:3	4.64E-04	1.48E-03	1.04E-03	1.51E-03	1.14E-03
5:Del:M:1	1.53E-03	1.97E-03	1.57E-03	1.82E-03	5.92E-04
5:Del:M:2	1.54E-03	1.20E-03	1.66E-03	2.02E-03	3.34E-04
5:Del:M:3	9.58E-04	9.82E-04	4.44E-04	1.18E-03	5.28E-04
5:Del:M:4	7.63E-04	1.11E-03	7.82E-04	9.28E-04	7.32E-04
5:Del:M:5	6.99E-04	9.24E-04	1.03E-03	1.30E-03	1.58E-03
