NMF_Replicate	L1	L1 %	L2	L2 %	KL Divergence	Correlation	Convergence Iterations
1	36.353	133.796	7.481	82.809	1.524	0.444	40000.0
2	36.702	133.762	7.78	82.837	1.525	0.454	60000.0
3	36.108	132.218	7.414	81.985	1.52	0.465	40000.0
4	36.454	133.073	7.651	82.377	1.472	0.464	60000.0
5	35.965	132.092	7.488	82.483	1.5	0.455	40000.0
6	37.044	135.287	7.662	82.993	1.566	0.445	40000.0
7	37.496	134.51	7.898	83.231	1.551	0.45	40000.0
8	36.046	131.522	7.545	81.946	1.462	0.472	40000.0
9	36.312	133.201	7.514	82.641	1.51	0.451	40000.0
10	36.89	133.058	7.671	82.266	1.479	0.466	40000.0
11	36.582	132.664	7.571	82.325	1.517	0.457	80000.0
12	36.996	134.125	7.871	82.637	1.52	0.46	40000.0
13	36.14	131.96	7.614	82.211	1.462	0.466	40000.0
14	37.171	132.508	7.671	82.466	1.48	0.462	60000.0
15	37.076	132.073	7.676	81.598	1.495	0.475	40000.0
16	37.55	134.35	7.887	82.699	1.54	0.463	60000.0
17	35.861	129.887	7.446	80.382	1.465	0.495	40000.0
18	36.811	132.092	7.688	81.866	1.486	0.476	60000.0
19	36.933	132.144	7.742	82.62	1.466	0.465	60000.0
20	37.116	133.08	7.627	82.277	1.493	0.461	60000.0
21	36.871	132.677	7.614	82.334	1.486	0.462	40000.0
22	37.075	133.821	7.756	82.932	1.502	0.456	40000.0
23	36.087	132.934	7.593	82.132	1.523	0.461	40000.0
24	37.333	134.515	7.797	82.417	1.495	0.466	60000.0
25	36.452	133.298	7.683	82.323	1.517	0.462	60000.0
26	36.974	134.827	7.668	82.822	1.529	0.451	40000.0
27	35.437	130.239	7.386	80.68	1.446	0.489	60000.0
28	37.797	133.477	7.976	82.508	1.55	0.459	80000.0
29	36.586	130.286	7.652	81.418	1.457	0.484	40000.0
30	37.41	134.209	7.752	82.615	1.483	0.463	60000.0
31	37.109	133.008	7.559	82.658	1.495	0.453	40000.0
32	36.113	131.58	7.454	81.775	1.479	0.468	60000.0
33	36.948	133.051	7.535	82.289	1.499	0.463	40000.0
34	36.826	134.384	7.683	83.047	1.563	0.442	40000.0
35	36.498	131.551	7.463	81.366	1.486	0.476	80000.0
36	36.742	132.902	7.649	82.802	1.504	0.453	60000.0
37	36.753	132.462	7.711	82.368	1.526	0.462	40000.0
38	36.294	131.562	7.565	82.184	1.485	0.46	60000.0
39	37.104	133.605	7.782	82.713	1.514	0.46	80000.0
40	37.095	133.247	7.595	82.238	1.516	0.459	40000.0
41	36.214	131.666	7.357	81.476	1.463	0.474	60000.0
42	36.937	133.172	7.846	82.644	1.507	0.457	60000.0
43	36.0	130.496	7.453	80.692	1.427	0.499	40000.0
44	36.905	133.305	7.58	81.683	1.507	0.474	40000.0
45	36.628	133.567	7.671	82.154	1.503	0.471	60000.0
46	36.617	132.398	7.652	81.977	1.453	0.474	60000.0
47	36.569	133.73	7.384	81.817	1.489	0.467	40000.0
48	36.983	134.485	7.626	82.844	1.491	0.454	40000.0
49	36.482	133.682	7.49	81.921	1.516	0.466	80000.0
50	36.927	133.55	7.579	82.651	1.519	0.454	40000.0
51	37.163	135.17	7.798	83.516	1.534	0.44	40000.0
52	36.776	131.661	7.567	81.805	1.457	0.476	60000.0
53	37.225	133.816	7.811	82.13	1.517	0.464	60000.0
54	36.465	133.473	7.424	82.395	1.535	0.453	60000.0
55	36.666	132.07	7.673	81.839	1.473	0.48	0.0
56	37.798	136.279	7.894	83.99	1.536	0.435	60000.0
57	37.06	132.795	7.811	82.041	1.529	0.463	40000.0
58	36.762	132.537	7.656	82.23	1.494	0.466	40000.0
59	36.889	132.798	7.756	82.436	1.513	0.457	40000.0
60	36.691	134.753	7.609	82.527	1.551	0.457	40000.0
61	36.797	133.05	7.727	82.501	1.502	0.46	40000.0
62	37.568	134.411	7.765	82.948	1.501	0.452	60000.0
63	36.96	133.602	7.646	82.866	1.519	0.45	40000.0
64	36.193	132.073	7.534	81.504	1.5	0.475	40000.0
65	36.865	134.437	7.546	82.396	1.55	0.454	40000.0
66	37.047	132.689	7.642	82.001	1.502	0.471	60000.0
67	37.111	134.559	7.675	82.856	1.526	0.455	60000.0
68	37.5	132.278	7.948	82.144	1.466	0.472	40000.0
69	37.27	133.437	7.657	82.167	1.481	0.474	60000.0
70	36.839	133.392	7.566	82.317	1.484	0.466	0.0
71	36.555	132.905	7.574	82.262	1.509	0.459	40000.0
72	36.946	135.058	7.762	83.148	1.529	0.452	40000.0
73	36.74	132.208	7.701	82.181	1.472	0.47	60000.0
74	36.711	134.925	7.659	82.569	1.551	0.453	40000.0
75	36.198	133.338	7.562	82.783	1.553	0.449	60000.0
76	36.848	134.45	7.594	82.601	1.524	0.456	0.0
77	37.215	135.254	7.799	83.108	1.562	0.44	40000.0
78	36.516	131.764	7.65	82.243	1.462	0.468	40000.0
79	37.071	133.248	7.695	82.807	1.51	0.455	40000.0
80	36.423	131.918	7.615	82.514	1.509	0.453	40000.0
81	36.608	133.496	7.539	82.355	1.504	0.464	40000.0
82	37.367	134.534	7.745	83.558	1.526	0.439	40000.0
83	36.743	133.135	7.689	82.812	1.513	0.453	60000.0
84	37.177	132.249	7.902	83.077	1.483	0.453	40000.0
85	37.014	132.855	7.72	82.302	1.484	0.468	60000.0
86	37.435	134.752	8.005	83.377	1.524	0.444	40000.0
87	36.25	132.314	7.574	82.294	1.51	0.457	40000.0
88	37.091	134.321	7.767	83.285	1.578	0.439	60000.0
89	37.086	133.662	7.677	82.46	1.497	0.462	40000.0
90	36.997	133.907	7.698	81.845	1.514	0.474	40000.0
91	36.376	132.867	7.657	81.648	1.509	0.474	40000.0
92	37.281	133.64	7.746	81.963	1.501	0.474	60000.0
93	36.274	133.557	7.634	82.632	1.526	0.46	40000.0
94	36.165	132.581	7.636	82.161	1.509	0.464	80000.0
95	37.002	134.75	7.673	83.165	1.527	0.445	40000.0
96	37.112	134.531	7.704	83.191	1.504	0.449	60000.0
97	37.004	133.994	7.829	82.615	1.544	0.456	60000.0
98	36.895	132.807	7.573	82.622	1.49	0.455	40000.0
99	36.562	132.145	7.532	81.774	1.499	0.465	40000.0
100	40.227	136.496	8.2	83.864	1.543	0.44	40000.0
101	36.643	132.974	7.571	82.045	1.507	0.461	80000.0
102	36.908	134.044	7.648	82.801	1.549	0.449	60000.0
103	36.835	133.756	7.799	82.895	1.554	0.453	40000.0
104	36.666	132.859	7.515	82.171	1.478	0.468	40000.0
105	37.349	133.306	7.847	83.014	1.513	0.454	40000.0
106	37.7	134.26	7.845	83.114	1.524	0.45	60000.0
107	36.663	134.654	7.463	82.146	1.533	0.465	60000.0
108	36.987	132.333	7.75	82.282	1.484	0.465	40000.0
109	36.364	132.796	7.471	82.022	1.483	0.47	40000.0
110	37.491	134.713	7.796	83.391	1.536	0.445	60000.0
111	37.05	132.496	7.746	82.757	1.514	0.457	40000.0
112	37.55	134.642	7.691	82.817	1.55	0.445	80000.0
113	37.038	134.982	7.703	83.296	1.551	0.44	60000.0
114	36.972	135.574	7.78	83.071	1.597	0.443	40000.0
115	36.68	132.191	7.565	81.763	1.485	0.473	40000.0
116	36.324	132.274	7.689	82.297	1.501	0.46	40000.0
117	36.531	133.414	7.692	82.951	1.522	0.451	40000.0
118	37.364	133.572	7.838	82.402	1.503	0.469	40000.0
119	37.19	134.926	7.761	83.16	1.505	0.448	60000.0
120	37.078	132.755	7.613	82.259	1.493	0.463	40000.0
121	36.562	132.473	7.504	81.994	1.487	0.465	60000.0
122	37.637	134.502	7.881	83.011	1.523	0.453	40000.0
123	37.162	134.134	7.824	83.117	1.524	0.453	40000.0
124	37.325	133.822	7.813	82.554	1.518	0.464	40000.0
125	36.636	133.008	7.589	82.307	1.523	0.456	80000.0
126	36.773	132.242	7.789	81.45	1.487	0.48	60000.0
127	36.42	130.391	7.63	82.018	1.43	0.469	60000.0
128	37.203	130.87	7.907	81.957	1.463	0.474	40000.0
129	37.64	133.769	7.809	82.426	1.502	0.463	80000.0
130	36.44	133.269	7.625	82.699	1.515	0.453	80000.0
131	37.245	133.956	7.827	82.846	1.552	0.453	40000.0
132	36.934	133.451	7.659	82.617	1.523	0.455	40000.0
133	36.394	131.497	7.693	81.637	1.462	0.479	40000.0
134	36.491	132.751	7.496	82.576	1.531	0.448	40000.0
135	36.561	132.805	7.55	82.316	1.506	0.461	40000.0
136	36.914	134.5	7.713	82.647	1.499	0.458	40000.0
137	37.387	131.482	7.882	81.882	1.465	0.48	40000.0
138	36.896	132.782	7.788	82.048	1.445	0.48	40000.0
139	36.763	132.975	7.491	81.866	1.52	0.46	80000.0
140	37.343	132.816	7.77	81.781	1.511	0.476	60000.0
141	36.558	133.144	7.499	82.804	1.482	0.454	40000.0
142	36.96	132.837	7.543	81.75	1.464	0.48	80000.0
143	38.463	135.983	8.004	83.427	1.523	0.45	60000.0
144	37.308	133.513	7.809	82.708	1.516	0.454	60000.0
145	37.742	133.188	7.946	82.054	1.505	0.467	40000.0
146	36.27	132.456	7.491	82.004	1.508	0.467	60000.0
147	36.675	133.765	7.715	82.695	1.539	0.45	40000.0
148	35.692	129.944	7.438	80.867	1.433	0.489	60000.0
149	36.667	133.543	7.587	82.476	1.503	0.46	40000.0
150	37.267	134.303	7.713	82.854	1.534	0.448	80000.0
151	37.128	133.627	7.768	82.158	1.511	0.469	60000.0
152	35.919	132.534	7.32	81.799	1.484	0.47	80000.0
153	37.065	133.751	7.685	81.988	1.504	0.472	60000.0
154	36.261	132.319	7.641	81.927	1.477	0.47	40000.0
155	37.6	133.87	7.852	83.046	1.492	0.457	60000.0
156	35.911	132.218	7.381	81.687	1.477	0.475	60000.0
157	37.171	135.577	7.637	82.646	1.557	0.452	60000.0
158	37.254	131.934	7.713	81.925	1.463	0.477	40000.0
159	36.695	134.589	7.631	82.76	1.526	0.45	60000.0
160	37.002	134.029	7.595	82.701	1.535	0.452	40000.0
161	36.628	133.532	7.551	81.949	1.498	0.469	60000.0
162	36.676	132.795	7.646	82.295	1.504	0.46	80000.0
163	37.219	133.383	7.729	82.597	1.526	0.454	40000.0
164	36.618	132.647	7.598	82.622	1.485	0.456	80000.0
165	36.913	133.9	7.671	82.829	1.524	0.453	40000.0
166	36.334	133.043	7.51	81.911	1.517	0.465	80000.0
167	36.954	133.79	7.841	82.968	1.514	0.456	80000.0
168	37.246	133.573	7.896	82.857	1.5	0.457	40000.0
169	37.357	132.266	7.84	81.952	1.477	0.473	40000.0
170	37.268	133.98	7.783	82.478	1.494	0.46	80000.0
171	37.337	133.683	7.777	82.164	1.512	0.464	40000.0
172	36.471	133.257	7.657	82.659	1.532	0.451	60000.0
173	37.409	136.197	8.004	83.241	1.559	0.45	40000.0
174	37.277	133.845	7.703	82.665	1.537	0.454	80000.0
175	36.489	133.294	7.653	82.481	1.509	0.459	40000.0
176	36.153	131.379	7.559	81.813	1.467	0.473	60000.0
177	36.84	133.176	7.682	82.465	1.516	0.459	60000.0
178	37.21	134.531	7.748	82.6	1.533	0.461	40000.0
179	35.925	133.55	7.502	81.782	1.505	0.468	80000.0
180	37.122	133.019	7.856	82.615	1.483	0.466	80000.0
181	37.499	130.443	7.792	81.516	1.455	0.482	40000.0
182	37.047	133.713	7.669	82.784	1.499	0.455	40000.0
183	36.427	132.572	7.477	81.751	1.465	0.479	40000.0
184	37.085	131.797	7.827	81.73	1.47	0.478	40000.0
185	36.37	132.202	7.491	82.274	1.47	0.465	60000.0
186	37.634	133.363	7.789	82.076	1.524	0.468	60000.0
187	37.325	134.228	7.853	82.421	1.515	0.464	60000.0
188	36.312	131.659	7.735	81.733	1.475	0.476	60000.0
189	36.449	133.111	7.603	82.106	1.518	0.466	60000.0
190	37.009	133.832	7.779	81.98	1.514	0.475	80000.0
191	37.048	134.432	7.683	82.491	1.53	0.46	80000.0
192	37.094	134.439	7.685	82.961	1.512	0.453	40000.0
193	37.146	133.486	7.643	82.001	1.512	0.46	0.0
194	36.448	133.027	7.583	82.038	1.482	0.467	40000.0
195	36.211	132.8	7.502	82.492	1.558	0.448	80000.0
196	36.578	132.062	7.749	82.346	1.5	0.467	40000.0
197	36.986	133.306	7.743	82.906	1.523	0.451	40000.0
198	36.806	133.365	7.645	82.927	1.503	0.448	40000.0
199	36.859	132.846	7.728	82.264	1.464	0.471	40000.0
200	37.023	134.074	7.762	82.827	1.52	0.453	60000.0
