A_CpG_ID	TCGA-5X-AA5U-01A	TCGA-13-A5FU-01A	TCGA-59-A5PD-01A	TCGA-VG-A8LO-01A	TCGA-29-A5NZ-01A	TCGA-13-A5FT-01A	TCGA-WR-A838-01A	TCGA-OY-A56Q-01A	TCGA-3P-A9WA-01A	TCGA-OY-A56P-01A
cg00010242	NA	NA	NA	NA	NA	NA	NA	NA	NA	NA
cg00044501	NA	NA	NA	NA	NA	NA	NA	NA	NA	NA
cg00081852	NA	NA	NA	NA	NA	NA	NA	NA	NA	NA
cg00090612	NA	NA	NA	NA	NA	NA	NA	NA	NA	NA
cg00110695	NA	NA	NA	NA	NA	NA	NA	NA	NA	NA
cg00114618	NA	NA	NA	NA	NA	NA	NA	NA	NA	NA
cg00116558	NA	NA	NA	NA	NA	NA	NA	NA	NA	NA
cg00178785	NA	NA	NA	NA	NA	NA	NA	NA	NA	NA
cg00241482	NA	NA	NA	NA	NA	NA	NA	NA	NA	NA
cg00247803	NA	NA	NA	NA	NA	NA	NA	NA	NA	NA
cg00253854	NA	NA	NA	NA	NA	NA	NA	NA	NA	NA
cg00264298	NA	NA	NA	NA	NA	NA	NA	NA	NA	NA
cg00301256	NA	NA	NA	NA	NA	NA	NA	NA	NA	NA
cg00314276	NA	NA	NA	NA	NA	NA	NA	NA	NA	NA
cg00318682	0.881981965074972	0.829739053817622	0.489937563392247	0.896185605378387	0.899281453800737	0.846165914112692	0.899068832985324	0.824824032080403	0.27631127227619	0.932797629398598
cg00336555	NA	NA	NA	NA	NA	NA	NA	NA	NA	NA
cg00359421	NA	NA	NA	NA	NA	NA	NA	NA	NA	NA
cg00379272	NA	NA	NA	NA	NA	NA	NA	NA	NA	NA
cg00410323	NA	NA	NA	NA	NA	NA	NA	NA	NA	NA
cg00422716	NA	NA	NA	NA	NA	NA	NA	NA	NA	NA
cg00440702	NA	NA	NA	NA	NA	NA	NA	NA	NA	NA
cg00480643	NA	NA	NA	NA	NA	NA	NA	NA	NA	NA
cg00489467	0.968651169309493	0.968775979910389	0.939019700974542	0.942903140970302	0.959858960194482	0.939067494523199	0.956923901733592	0.966748389938472	0.958128963969868	0.963972998717404
cg00502041	NA	NA	NA	NA	NA	NA	NA	NA	NA	NA
cg00506859	NA	NA	NA	NA	NA	NA	NA	NA	NA	NA
cg00516867	0.386442086085107	NA	0.326631539945502	NA	0.375895756236942	0.332073420144809	0.236601236973983	0.542388539618869	0.190544991936788	0.762067981448999
cg00531054	NA	NA	NA	NA	NA	NA	NA	NA	NA	NA
cg00552235	NA	NA	NA	NA	NA	NA	NA	NA	NA	NA
cg00589791	NA	NA	NA	NA	NA	NA	NA	NA	NA	NA
cg00591353	0.860973388362004	0.87899319150086	0.719626910786418	0.860091358848141	0.695744228358757	0.643664235539555	0.778952264425845	0.724068863855103	0.676115379269413	0.923764669368798
cg00594488	NA	NA	NA	NA	NA	NA	NA	NA	NA	NA
cg00687674	0.161019042306744	0.163804812136956	0.185926429466685	0.0568568009035055	0.117941893664667	0.120728681907428	0.0522787856642065	0.0547621135155993	0.10383137089486	0.1716296202906
cg00702369	NA	NA	NA	NA	NA	NA	NA	NA	NA	NA
cg00727386	NA	NA	NA	NA	NA	NA	NA	NA	NA	NA
cg00738299	NA	NA	NA	NA	NA	NA	NA	NA	NA	NA
cg00795247	NA	NA	NA	NA	NA	NA	NA	NA	NA	NA
cg00795885	NA	NA	NA	NA	NA	NA	NA	NA	NA	NA
cg00809453	NA	NA	NA	NA	NA	NA	NA	NA	NA	NA
cg00812839	NA	NA	NA	NA	NA	NA	NA	NA	NA	NA
cg00834234	NA	NA	NA	NA	NA	NA	NA	NA	NA	NA
cg00850868	NA	NA	NA	NA	NA	NA	NA	NA	NA	NA
cg00894142	NA	NA	NA	NA	NA	NA	NA	NA	NA	NA
cg00919576	NA	NA	NA	NA	NA	NA	NA	NA	NA	NA
cg00954931	NA	NA	NA	NA	NA	NA	NA	NA	NA	NA
cg01000036	NA	NA	NA	NA	NA	NA	NA	NA	NA	NA
cg01009068	0.914104020434063	0.890737087983839	0.889040922255692	0.89906874310552	0.918237288760465	0.893930185782238	0.906692118707807	0.941162896313523	0.860160677508961	0.911218480482898
cg01049884	0.976534226292228	0.973770724630534	0.977230696880874	0.969792568042757	0.980358670856301	0.974493002741991	0.962694400970759	0.979314867394198	0.974949240532564	0.971884144343566
cg01052572	NA	NA	NA	NA	NA	NA	NA	NA	NA	NA
cg01080483	NA	NA	NA	NA	NA	NA	NA	NA	NA	NA
cg01132485	0.476634418226401	0.291210974579105	0.443246431356827	0.807334825678361	0.806001995174519	0.278616643809898	0.663765968291852	0.739178932710489	0.159020015416766	0.8380973355302
cg01135961	NA	NA	NA	NA	NA	NA	NA	NA	NA	NA
cg01137421	NA	NA	NA	NA	NA	NA	NA	NA	NA	NA
cg01154525	NA	NA	NA	NA	NA	NA	NA	NA	NA	NA
cg01163994	0.920518271285833	NA	NA	0.737128246824021	0.276617666838738	NA	NA	0.323166470273467	NA	0.865386633035578
cg01204669	NA	NA	NA	NA	NA	NA	NA	NA	NA	NA
cg01206398	NA	NA	NA	NA	NA	NA	NA	NA	NA	NA
cg01230154	NA	NA	NA	NA	NA	NA	NA	NA	NA	NA
cg01231757	NA	NA	NA	NA	NA	NA	NA	NA	NA	NA
cg01251118	NA	NA	NA	NA	NA	NA	NA	NA	NA	NA
cg01331064	NA	NA	NA	NA	NA	NA	NA	NA	NA	NA
cg01352656	0.0955905920663943	0.290619715220022	0.026444100774557	0.0263723349286313	0.02701890656589	0.0233147185654857	0.0252182384052534	0.0355877565048118	0.0284094235400953	0.0665677390897011
cg01372572	0.810124128314638	0.81091287055744	0.618161935985532	0.802749785617753	0.763794307029735	0.748028768338594	0.706337655746345	0.789222071502743	0.74137838496569	0.902750787360608
cg01389383	NA	NA	NA	NA	NA	NA	NA	NA	NA	NA
cg01404122	0.832947979108845	0.685996653930235	0.403747265900522	0.956155919401394	0.873602518876823	0.921252253330309	0.947664012375038	0.954959715999485	0.544352392548256	0.937905722367283
cg01449444	NA	NA	NA	NA	NA	NA	NA	NA	NA	NA
cg01522278	NA	NA	NA	NA	NA	NA	NA	NA	NA	NA
cg01579172	NA	NA	NA	NA	NA	NA	NA	NA	NA	NA
cg01637519	NA	NA	NA	NA	NA	NA	NA	NA	NA	NA
cg01638082	NA	NA	NA	NA	NA	NA	NA	NA	NA	NA
cg01644640	0.722574345559561	0.913806788199116	0.20034195416929	0.461003031301934	0.711373605605872	0.686921305933033	0.251267644103091	0.734980577890716	0.234440457458799	0.93426717744067
cg01659483	NA	NA	NA	NA	NA	NA	NA	NA	NA	NA
cg01711850	NA	NA	NA	NA	NA	NA	NA	NA	NA	NA
cg01729288	NA	NA	NA	NA	NA	NA	NA	NA	NA	NA
cg01735082	0.747619825833904	0.81432116034327	0.610117787685709	0.631637691227136	0.520949738150758	0.300291935928997	0.954504443385812	0.743487609748908	0.815081993526264	0.906135673575687
cg01774400	NA	NA	NA	NA	NA	NA	NA	NA	NA	NA
cg01776221	NA	NA	NA	NA	NA	NA	NA	NA	NA	NA
cg01796929	0.843122898226519	0.473650161434877	0.244637316845928	0.901917728239222	0.779003752441947	0.918472421159741	0.893319544302307	0.901580364477646	0.404912181928848	0.908352820930934
cg01834373	NA	NA	NA	NA	NA	NA	NA	NA	NA	NA
cg01836858	NA	NA	NA	NA	NA	NA	NA	NA	NA	NA
cg01837661	NA	NA	NA	NA	NA	NA	NA	NA	NA	NA
cg01864295	NA	NA	NA	NA	NA	NA	NA	NA	NA	NA
cg01905090	0.616408350938927	0.594948983111971	0.304988327592703	0.733299333332041	0.576208693311807	0.578962173360484	0.866137911832882	0.855007531434641	0.222366631982976	0.864437169030056
cg01909681	0.922136050884055	NA	NA	0.860376113941837	0.926008958448749	0.883780116323401	0.905615171296847	0.840222626213316	NA	0.900423446936719
cg01968676	NA	NA	NA	NA	NA	NA	NA	NA	NA	NA
cg01970937	NA	NA	NA	NA	NA	NA	NA	NA	NA	NA
cg02022978	NA	NA	NA	NA	NA	NA	NA	NA	NA	NA
cg02032334	0.132062851433714	0.320797270600256	0.062426917896464	0.602094778791142	0.347233441402114	0.599471603261845	0.571327983540623	0.315156140884959	0.288631076713489	0.830793841664948
cg02043329	0.937825837079188	0.9011352927157	0.80151969107302	0.945398663405416	0.921376133669189	0.913032809587031	0.950269696420622	0.93728616370835	0.931806483690915	0.940169602154623
cg02044172	NA	NA	NA	NA	NA	NA	NA	NA	NA	NA
cg02046176	NA	NA	NA	NA	NA	NA	NA	NA	NA	NA
cg02047977	NA	NA	NA	NA	NA	NA	NA	NA	NA	NA
cg02071267	NA	NA	NA	NA	NA	NA	NA	NA	NA	NA
cg02072104	0.143856409251065	0.133535878701271	0.162566281400232	0.111306598392785	0.0984671829205476	0.30791053563722	0.0816251817766426	0.12954913857334	0.120403861858734	0.094820386796004
cg02074859	0.942521950982997	0.95242593538465	0.926436883646764	0.960211664011129	0.954433166932122	0.945648813417248	0.949815499128374	0.927672820164324	0.93325020569814	0.944130021728005
cg02103202	NA	NA	NA	NA	NA	NA	NA	NA	NA	NA
cg02125400	NA	NA	NA	NA	NA	NA	NA	NA	NA	NA
cg02128233	NA	NA	NA	NA	NA	NA	NA	NA	NA	NA
cg02132460	NA	NA	NA	NA	NA	NA	NA	NA	NA	NA
cg02148292	NA	NA	NA	NA	NA	NA	NA	NA	NA	NA
cg02154268	NA	NA	NA	NA	NA	NA	NA	NA	NA	NA
cg02158100	NA	NA	NA	NA	NA	NA	NA	NA	NA	NA
cg02190786	NA	NA	NA	NA	NA	NA	NA	NA	NA	NA
cg02223612	NA	NA	NA	NA	NA	NA	NA	NA	NA	NA
cg02231798	0.944158623005521	0.927975576585633	0.350337521608075	0.904762400682537	0.924409863772467	0.305233749253636	0.940629640493487	0.922143166886516	0.193511871654568	0.912106648330982
cg02247211	NA	NA	NA	NA	NA	NA	NA	NA	NA	NA
cg02253978	0.932113632905495	NA	0.886102277996403	0.85339771541647	0.889119565645538	0.902300522570409	0.850775015665663	0.934172700039285	0.897769750337261	NA
cg02255618	NA	NA	NA	NA	NA	NA	NA	NA	NA	NA
cg02269231	NA	NA	NA	NA	NA	NA	NA	NA	NA	NA
cg02275622	NA	NA	NA	NA	NA	NA	NA	NA	NA	NA
cg02280599	0.940130892977535	0.903519406590734	0.817907914403576	0.892829762489912	0.661547883395474	0.217612032348327	0.92870862236624	0.818246016212964	NA	0.900379736679
cg02290855	NA	NA	NA	NA	NA	NA	NA	NA	NA	NA
cg02302165	0.954897584659138	0.954509672389862	0.907373158579739	0.951802361319392	0.94970769022076	0.862782526699456	0.94001795667413	0.950732718729654	0.953553186208073	0.947643270071472
cg02312154	0.940969958496694	0.916075668064917	0.930995669521616	0.910089251798879	0.945586961741168	0.945294147128809	0.923403109533734	0.939990190524542	0.919014115637163	0.918406775123898
cg02341729	NA	NA	NA	NA	NA	NA	NA	NA	NA	NA
cg02345638	NA	NA	NA	NA	NA	NA	NA	NA	NA	NA
cg02348876	NA	NA	NA	NA	NA	NA	NA	NA	NA	NA
cg02356223	0.532461948535942	0.931324363531088	0.475437109001506	0.865532671599477	0.929502841357862	0.841417613206595	0.909248031777557	0.839754440635897	0.946624885969946	0.886693516392371
cg02397533	NA	NA	NA	NA	NA	NA	NA	NA	NA	NA
cg02401554	NA	NA	NA	NA	NA	NA	NA	NA	NA	NA
cg02443010	0.944967271269581	0.951221904215968	0.690316692587748	0.955516167127465	0.814549956551007	0.860473426188397	0.957763444114236	0.867749737315301	0.81491609891157	0.774386788761328
cg02471166	NA	NA	NA	NA	NA	NA	NA	NA	NA	NA
cg02516800	0.397341663430086	0.807064737040099	0.339374768465374	0.193714412443347	0.160470774845146	0.371712298505227	0.657830191614517	0.878519442201424	0.192506650250389	0.682928610546555
cg02533998	NA	NA	NA	NA	NA	NA	NA	NA	NA	NA
cg02612657	NA	NA	NA	NA	NA	NA	NA	NA	NA	NA
cg02656873	NA	NA	NA	NA	NA	NA	NA	NA	NA	NA
cg02658551	NA	NA	NA	NA	NA	NA	NA	NA	NA	NA
cg02671915	NA	NA	NA	NA	NA	NA	NA	NA	NA	NA
cg02693279	0.944951324604407	0.775575535239413	0.859633672203421	0.629493994199688	0.899064766809455	0.88984443092048	0.877389861540014	0.953840783724696	0.873479214939524	0.904048549853809
cg02703695	NA	NA	NA	NA	NA	NA	NA	NA	NA	NA
cg02724815	NA	NA	NA	NA	NA	NA	NA	NA	NA	NA
cg02744713	NA	NA	NA	NA	NA	NA	NA	NA	NA	NA
cg02750728	0.947792249347781	0.873083880914304	0.917396620924335	0.963280345392093	0.843708617647895	0.793191909147199	0.898431086540385	0.919513157340371	0.897842374411791	0.918283576427116
cg02771684	NA	NA	NA	NA	NA	NA	NA	NA	NA	NA
cg02772132	NA	NA	NA	NA	NA	NA	NA	NA	NA	NA
cg02791765	NA	NA	NA	NA	NA	NA	NA	NA	NA	NA
cg02824523	NA	NA	NA	NA	NA	NA	NA	NA	NA	NA
cg02840008	0.132117264090787	0.478547185105236	0.44276168293287	0.926039160535493	0.389493792660097	0.392576595726823	0.405402185744525	0.511091159581835	0.33333466397259	0.754531208976719
cg02862100	NA	NA	NA	NA	NA	NA	NA	NA	NA	NA
cg02869126	NA	NA	NA	NA	NA	NA	NA	NA	NA	NA
cg02873710	NA	NA	NA	NA	NA	NA	NA	NA	NA	NA
cg02885021	NA	NA	NA	NA	NA	NA	NA	NA	NA	NA
cg02899093	0.247969139644613	0.457756500928459	0.338065671276507	0.882918326787559	0.611541183040915	0.355911462413922	0.85609544956137	0.592833522513888	0.758812732539265	0.893279687944697
cg02906557	NA	NA	NA	NA	NA	NA	NA	NA	NA	NA
cg02965931	0.939733822236963	0.925412542600696	0.922799911760699	0.946298655353955	0.888740651992869	0.930656135560839	0.940380252038215	0.930272979710028	0.918820464087877	0.893728341122781
cg02993013	NA	NA	NA	NA	NA	NA	NA	NA	NA	NA
cg02998155	NA	NA	NA	NA	NA	NA	NA	NA	NA	NA
cg03002774	NA	NA	NA	NA	NA	NA	NA	NA	NA	NA
cg03006531	NA	NA	NA	NA	NA	NA	NA	NA	NA	NA
cg03024791	0.669790765213538	0.333592787113377	0.205928781282832	0.805230658356598	0.661317196810608	0.742176889399102	0.860716938646997	0.787996067178082	0.320356159152082	0.897458344149977
cg03132202	NA	NA	NA	NA	NA	NA	NA	NA	NA	NA
cg03153172	NA	NA	NA	NA	NA	NA	NA	NA	NA	NA
cg03185975	NA	NA	NA	NA	NA	NA	NA	NA	NA	NA
cg03186367	NA	NA	NA	NA	NA	NA	NA	NA	NA	NA
cg03189593	NA	NA	NA	NA	NA	NA	NA	NA	NA	NA
cg03221698	0.962367071671539	0.95845011311517	0.924139797581841	0.899845612413497	0.934261486742093	0.914481489085882	0.951732456890692	0.953674778656143	0.947213108265957	0.947948423459044
cg03233224	NA	NA	NA	NA	NA	NA	NA	NA	NA	NA
cg03247301	0.529654606833377	0.624399066071385	0.250926340716879	0.507681377081009	0.457308316876028	0.353485846335905	0.758139937989697	0.595429380575692	0.161837708243044	0.880135640971056
cg03272020	NA	NA	NA	NA	NA	NA	NA	NA	NA	NA
cg03272958	NA	NA	NA	NA	NA	NA	NA	NA	NA	NA
cg03280759	NA	NA	NA	NA	NA	NA	NA	NA	NA	NA
cg03287616	NA	NA	NA	NA	NA	NA	NA	NA	NA	NA
cg03305017	0.954427369741015	0.923691615647656	0.640676601599029	0.942885870910001	0.959010618736589	0.915372715144814	0.941230814461936	0.928083892467841	0.892929813512433	0.938417406591432
cg03329408	NA	NA	NA	NA	NA	NA	NA	NA	NA	NA
cg03335128	0.580751775229531	0.867709307547877	0.849689783454058	NA	0.199051652747717	0.884872868139981	0.889881891514694	0.0771784423593703	0.61970540137426	0.123927038421021
cg03336458	0.964764766323199	0.950855533895994	0.914752431298939	0.952794581083201	0.953306850858703	0.950231577824978	0.943483117673906	0.961750137964509	0.961650245614074	0.959241614864842
cg03342862	NA	NA	NA	NA	NA	NA	NA	NA	NA	NA
cg03344608	NA	NA	NA	NA	NA	NA	NA	NA	NA	NA
cg03370330	0.941243114733633	0.775508427367249	0.281736500123274	0.841737756489352	0.882731303418726	0.830088766114154	0.72340034337362	0.730176154557905	0.923604393294841	0.93426731089438
cg03374148	NA	NA	0.143863687656021	0.894844151253892	0.360246078527774	NA	0.167593280123829	NA	NA	NA
cg03393472	NA	NA	NA	NA	NA	NA	NA	NA	NA	NA
cg03400512	NA	NA	NA	NA	NA	NA	NA	NA	NA	NA
cg03461361	NA	NA	NA	NA	NA	NA	NA	NA	NA	NA
cg03474461	NA	NA	NA	NA	NA	NA	NA	NA	NA	NA
cg03511766	NA	NA	NA	NA	NA	NA	NA	NA	NA	NA
cg03516394	NA	NA	NA	NA	NA	NA	NA	NA	NA	NA
cg03525847	NA	NA	NA	NA	NA	NA	NA	NA	NA	NA
cg03526100	NA	NA	NA	NA	NA	NA	NA	NA	NA	NA
cg03561071	0.90265249176754	0.187221227643814	0.211980535738802	0.646453210478754	0.107225706330334	0.140829726472394	0.145723695903966	0.219951689029109	0.384114959914653	0.936885925331023
cg03567106	NA	NA	NA	NA	NA	NA	NA	NA	NA	NA
cg03578552	NA	NA	NA	NA	NA	NA	NA	NA	NA	NA
cg03606093	NA	NA	NA	NA	NA	NA	NA	NA	NA	NA
cg03646967	NA	NA	NA	NA	NA	NA	NA	NA	NA	NA
cg03659851	NA	NA	NA	NA	NA	NA	NA	NA	NA	NA
cg03663072	NA	NA	NA	NA	NA	NA	NA	NA	NA	NA
cg03667040	NA	NA	NA	NA	NA	NA	NA	NA	NA	NA
cg03777697	0.907410765271638	NA	0.891282419786836	0.878924588624303	0.88216601129969	NA	0.882331751298439	0.85933668346574	NA	NA
cg03796122	NA	NA	NA	NA	NA	NA	NA	NA	NA	NA
cg03826683	NA	NA	NA	NA	NA	NA	NA	NA	NA	NA
cg03833216	NA	NA	NA	NA	NA	NA	NA	NA	NA	0.860093241009627
cg03838823	NA	NA	NA	NA	NA	NA	NA	NA	NA	NA
cg03840912	0.828776437145636	0.507488860102227	0.258173242990939	0.825996168804593	0.212935345512559	0.248782967566167	0.174059545921046	0.110132830505179	0.256293308194176	0.875067432723804
cg03843092	0.931944195372748	0.272482646741515	0.413859423759671	0.179277312703892	0.473814334712573	0.419441080284948	0.944217192610652	0.942265913104514	NA	0.903047783862309
cg03859106	NA	NA	NA	NA	NA	NA	NA	NA	NA	NA
cg03885144	NA	NA	NA	NA	NA	NA	NA	NA	NA	NA
cg03890998	NA	NA	NA	NA	NA	NA	NA	NA	NA	NA
cg03913000	NA	NA	NA	NA	NA	NA	NA	NA	NA	NA
cg03933786	NA	NA	NA	NA	NA	NA	NA	NA	NA	NA
cg03935072	NA	NA	NA	NA	NA	NA	NA	NA	NA	NA
cg03996098	NA	NA	NA	NA	NA	NA	NA	NA	NA	NA
cg04002935	NA	NA	NA	NA	NA	NA	NA	NA	NA	NA
cg04006206	NA	NA	NA	NA	NA	NA	NA	NA	NA	NA
cg04026763	NA	NA	NA	NA	NA	NA	NA	NA	NA	NA
cg04031354	NA	NA	NA	NA	NA	NA	NA	NA	NA	NA
cg04055096	0.83579564099606	0.920358045420313	0.526416898863694	0.951734751279618	0.831259127178125	0.896742237663769	0.965216377014978	0.792381637613736	0.904929559335359	0.915449736306689
cg04062303	NA	NA	NA	NA	NA	NA	NA	NA	NA	NA
cg04076763	NA	NA	NA	NA	NA	NA	NA	NA	NA	NA
cg04100169	NA	NA	NA	NA	NA	NA	NA	NA	NA	NA
cg04103847	0.898620245608494	0.174801030868278	0.213819699441924	0.0848713557429818	0.0954804172771347	0.160576005348014	0.0919123940755668	0.0354540745427921	0.197680500687989	0.643775043285687
cg04114537	NA	NA	NA	NA	NA	NA	NA	NA	NA	NA
cg04143547	NA	NA	NA	NA	NA	NA	NA	NA	NA	NA
cg04167811	NA	NA	NA	NA	NA	NA	NA	NA	NA	NA
cg04216073	0.828296881639329	0.765684583434656	NA	NA	NA	NA	NA	NA	NA	0.848929989860563
cg04223924	0.32295923385669	NA	0.203278616421207	0.528480070236953	0.275735584515312	0.206497604400905	0.430275923664734	0.134075356114717	0.762381180723499	0.619030424600917
cg04224084	NA	NA	NA	NA	NA	NA	NA	NA	NA	NA
cg04240603	NA	NA	NA	NA	NA	NA	NA	NA	NA	NA
cg04261102	NA	NA	NA	NA	NA	NA	NA	NA	NA	NA
cg04273604	NA	NA	NA	NA	NA	NA	NA	NA	NA	NA
cg04280377	NA	NA	NA	NA	NA	NA	NA	NA	NA	NA
cg04285493	NA	NA	NA	NA	NA	NA	NA	NA	NA	NA
cg04370860	0.928674466280397	0.901015092195445	0.909926718006824	0.914833097260628	0.885206150244892	0.939031650900113	0.938415202227779	0.941019208217938	0.923226913052225	0.918419844836095
cg04379416	NA	NA	NA	NA	NA	NA	NA	NA	NA	NA
cg04392293	NA	NA	NA	NA	NA	NA	NA	NA	NA	NA
cg04407400	NA	NA	NA	NA	NA	NA	NA	NA	NA	NA
cg04474903	NA	NA	NA	NA	NA	NA	NA	NA	NA	NA
cg04477079	NA	NA	NA	NA	NA	NA	NA	NA	NA	NA
cg04487158	NA	NA	NA	NA	NA	NA	NA	NA	NA	NA
cg04498159	NA	NA	NA	NA	NA	NA	NA	NA	NA	NA
cg04509365	NA	NA	NA	NA	NA	NA	NA	NA	NA	NA
cg04577395	NA	NA	NA	NA	NA	NA	NA	NA	NA	NA
cg04586418	0.965310650455379	0.948052659376525	0.937392922663701	0.958988888584251	0.947627327182873	0.941014977302716	0.941083982201093	0.936715215180366	0.936184945012907	0.947313904828554
cg04611407	NA	NA	NA	NA	NA	NA	NA	NA	NA	NA
cg04612869	NA	NA	NA	NA	NA	NA	NA	NA	NA	NA
cg04613945	NA	NA	NA	NA	NA	NA	NA	NA	NA	NA
cg04636881	NA	NA	NA	NA	NA	NA	NA	NA	NA	NA
cg04675342	NA	NA	NA	NA	NA	NA	NA	NA	NA	NA
cg04717450	NA	NA	NA	NA	NA	NA	NA	NA	NA	NA
cg04730459	NA	NA	NA	NA	NA	NA	NA	NA	NA	NA
cg04751736	NA	NA	NA	NA	NA	NA	NA	NA	NA	NA
cg04757410	NA	NA	NA	NA	NA	NA	NA	NA	NA	NA
cg04799493	NA	NA	NA	NA	NA	NA	NA	NA	NA	NA
cg04826176	NA	NA	NA	NA	NA	NA	NA	NA	NA	NA
cg04829566	NA	NA	NA	NA	NA	NA	NA	NA	NA	NA
cg04831589	NA	NA	NA	NA	NA	NA	NA	NA	NA	NA
cg04834061	NA	NA	NA	NA	NA	NA	NA	NA	NA	NA
cg04860622	NA	NA	NA	NA	NA	NA	NA	NA	NA	NA
cg04879818	NA	NA	NA	NA	NA	NA	NA	NA	NA	NA
cg04884395	NA	NA	NA	NA	NA	NA	NA	NA	NA	NA
cg04896534	0.285086875769306	0.285851387926203	0.214590911441664	0.171820664618052	0.144342244889274	0.261638338259383	0.126870705854957	0.114362873759045	0.205594897788719	0.153821349710124
cg04908013	NA	NA	NA	NA	NA	NA	NA	NA	NA	NA
cg04935792	0.940345410605441	0.831937441906912	0.506099044842559	0.730669401675759	0.51575343011191	0.804503012758634	0.90126611699025	0.91815119764832	0.170795692445109	0.860960221457659
cg04941236	NA	NA	NA	NA	NA	NA	NA	NA	NA	NA
cg04943440	NA	NA	NA	NA	NA	NA	NA	NA	NA	NA
cg04943636	NA	NA	NA	NA	NA	NA	NA	NA	NA	NA
cg04964733	NA	NA	NA	NA	NA	NA	NA	NA	NA	NA
cg04978451	NA	NA	NA	NA	NA	NA	NA	NA	NA	NA
cg04990609	NA	NA	NA	NA	NA	NA	NA	NA	NA	NA
cg05019180	NA	NA	NA	NA	NA	NA	NA	NA	NA	NA
cg05072063	NA	NA	NA	NA	NA	NA	NA	NA	NA	NA
cg05088006	0.92846058786202	0.785451011104061	NA	0.696210390275639	0.858837417195721	NA	0.839866165088767	0.84609684269654	0.314486261381747	0.782532394543792
cg05093071	NA	NA	NA	NA	NA	NA	NA	NA	NA	NA
cg05103956	NA	NA	NA	NA	NA	NA	NA	NA	NA	NA
cg05227343	0.926980447218512	0.863311297679788	0.691702996769542	0.950997063599635	0.866939827453457	0.934782531788596	0.922026160678769	0.872037667834248	0.923392398418122	0.921333975021385
cg05229275	NA	NA	NA	NA	NA	NA	NA	NA	NA	NA
cg05269246	NA	NA	NA	NA	NA	NA	NA	NA	NA	NA
cg05274503	NA	NA	NA	NA	NA	NA	NA	NA	NA	NA
cg05277146	0.930053653470159	0.672246704855113	0.742676211750701	0.898458768766165	0.912425599620128	0.832506895868798	0.940436271379859	0.92825428819143	0.139286463858451	0.921386896242896
cg05285768	NA	NA	NA	NA	NA	NA	NA	NA	NA	NA
cg05294259	NA	NA	NA	NA	NA	NA	NA	NA	NA	NA
cg05301976	0.962777336859083	0.94854219247107	0.959474774403267	0.959191059272535	0.966878599145623	0.962158712053377	0.948788511982655	0.970364304157154	0.948588505911535	0.951941650508295
cg05305060	NA	NA	NA	NA	NA	NA	NA	NA	NA	NA
cg05331252	NA	NA	NA	NA	NA	NA	NA	NA	NA	NA
cg05345062	0.912279745541779	NA	NA	0.841171399299814	NA	0.197042939445213	0.689656778751912	0.152657138067448	NA	0.911071379299864
cg05379002	NA	NA	NA	NA	NA	NA	NA	NA	NA	NA
cg05402641	NA	NA	NA	NA	NA	NA	NA	NA	NA	NA
cg05445006	NA	NA	NA	NA	NA	NA	NA	NA	NA	NA
cg05456482	NA	NA	NA	NA	NA	NA	NA	NA	NA	NA
cg05461143	0.777316265865034	NA	0.309093795069853	0.770248736891906	0.313178590698216	0.785444324335273	NA	0.486184060891296	0.209058983368857	0.865647392811961
cg05481217	NA	NA	NA	NA	NA	NA	NA	NA	NA	NA
cg05484606	NA	NA	NA	NA	NA	NA	NA	NA	NA	NA
cg05516061	NA	NA	NA	NA	NA	NA	NA	NA	NA	NA
cg05543443	NA	NA	NA	NA	NA	NA	NA	NA	NA	NA
cg05554543	NA	NA	NA	NA	NA	NA	NA	NA	NA	NA
cg05590818	0.955643123929375	0.864163540604075	0.930627693299601	0.919211243125286	0.945498300383261	0.927528531052392	0.942029623241917	0.868004895869791	0.936107031873425	0.942413565880288
cg05620791	NA	NA	NA	NA	NA	NA	NA	NA	NA	NA
cg05669672	NA	NA	NA	NA	NA	NA	NA	NA	NA	NA
cg05679686	0.918721520123526	0.897705456773826	0.815588662860679	0.873969138281613	0.93526678295952	0.907628463516346	0.946826022811863	0.928791939344273	0.923234937917019	0.951720040837767
cg05768747	0.952867152833965	0.930255174787752	0.698283827758625	0.889133826758728	0.95068541207453	0.951002688873073	0.938309169763699	0.945485651324101	NA	0.936424136165253
cg05773164	NA	NA	NA	NA	NA	NA	NA	NA	NA	NA
cg05822658	0.899405867344644	0.924099181060715	0.81764883757584	0.897630111019994	0.882062047948617	0.527000308288485	0.927600662883165	0.919759592838223	0.433990975049743	0.939497860704432
cg05828992	NA	NA	NA	NA	NA	NA	NA	NA	NA	NA
cg05864350	0.956746955965366	0.961437145138223	0.954072279117006	0.94893187954304	0.957685158638305	0.948991068989932	0.949215634757591	0.933568046877178	0.945735277417121	0.954560668249621
cg05906717	NA	NA	NA	NA	NA	NA	NA	NA	NA	NA
cg05919161	NA	NA	NA	NA	NA	NA	NA	NA	NA	NA
cg05935774	NA	NA	NA	NA	NA	NA	NA	NA	NA	NA
cg05987389	NA	NA	NA	NA	NA	NA	NA	NA	NA	NA
cg06021910	NA	NA	NA	NA	NA	NA	NA	NA	NA	NA
cg06022832	0.935561303327254	0.948601467098625	0.910707444890594	0.93903323344288	0.9551402757487	0.953011680514351	0.962205344764302	0.94494104858674	0.949485431709189	0.941245450303452
cg06031526	NA	NA	NA	NA	NA	NA	NA	NA	NA	NA
cg06073147	NA	NA	NA	NA	NA	NA	NA	NA	NA	NA
cg06073550	NA	NA	NA	NA	NA	NA	NA	NA	NA	NA
cg06082293	NA	NA	NA	NA	NA	NA	NA	NA	NA	NA
cg06113303	NA	NA	NA	NA	NA	NA	NA	NA	NA	NA
cg06151505	NA	NA	NA	NA	NA	NA	NA	NA	NA	NA
cg06211041	NA	NA	NA	NA	NA	NA	NA	NA	NA	NA
cg06215556	NA	NA	NA	NA	NA	NA	NA	NA	NA	NA
cg06281205	0.936388520246296	0.948144250987671	0.957896004246305	0.945920407081893	0.956820654680244	0.937381745036491	0.934689837792067	0.956361662949246	0.948989500798481	0.957796763881528
cg06336871	NA	NA	NA	NA	NA	NA	NA	NA	NA	NA
cg06354953	NA	NA	NA	NA	NA	NA	NA	NA	NA	NA
cg06364539	0.977831754232689	0.933272038345858	0.446453571897468	0.953908099760947	0.516688335630334	0.95656796593393	0.978540225919818	0.948736385460579	0.969607347059764	0.970939444466131
cg06396309	0.820942094002948	0.853390693941125	0.542826765063396	0.735718594944316	0.657142514415928	0.551986153639828	0.811873470681003	0.841320058640649	0.558563931724728	0.880059161903245
cg06438727	0.492347398619036	0.781879265340703	0.384328086946959	0.938342011700747	0.917711849586223	0.564495463362058	0.665575149058923	0.937614891127804	0.217035896983253	0.932920624903582
cg06440169	NA	NA	NA	NA	NA	NA	NA	NA	NA	NA
cg06442472	NA	NA	NA	NA	NA	NA	NA	NA	NA	NA
cg06450446	NA	NA	NA	NA	NA	NA	NA	NA	NA	NA
cg06455125	NA	NA	NA	NA	NA	NA	NA	NA	NA	NA
cg06484274	0.796310266265559	0.200611028123104	0.348336259257811	0.177884023369088	0.828836548917677	0.120611792413548	0.924441960197657	0.929431641427807	0.289684974654054	0.739197778267063
cg06485995	NA	NA	NA	NA	NA	NA	NA	NA	NA	NA
cg06516543	0.963520788559614	0.939181575882322	0.925563876081094	NA	NA	0.924594348419406	0.935881180426414	0.898746337223353	NA	NA
cg06576765	NA	NA	NA	NA	NA	NA	NA	NA	NA	NA
cg06577450	NA	NA	NA	NA	NA	NA	NA	NA	NA	NA
cg06613547	NA	NA	NA	NA	NA	NA	NA	NA	NA	NA
cg06631184	0.956713093015807	0.943897578417993	0.648017578477227	0.64474193126689	0.851917240037321	0.686985784435955	0.914414093205252	0.957913796547668	0.181006976705807	0.868902282459962
cg06643622	0.9210461881476	0.746352982647622	0.897208237023647	0.942225759811926	0.749105720652914	0.926828410292675	0.940456279116831	0.953309491087107	0.865278029878134	0.901452745692334
cg06655570	NA	NA	NA	NA	NA	NA	NA	NA	NA	NA
cg06659269	NA	NA	NA	NA	NA	NA	NA	NA	NA	NA
cg06659867	NA	NA	NA	NA	NA	NA	NA	NA	NA	NA
cg06662976	0.0397051270987522	0.0518415285940458	0.0522945999547982	0.0602513508983645	0.0467558766221595	0.0377227717571097	0.0305222063899403	0.0408475049067369	0.699019474867482	0.0443752712973071
cg06674392	NA	NA	NA	NA	NA	NA	NA	NA	NA	NA
cg06679649	NA	NA	NA	NA	NA	NA	NA	NA	NA	NA
cg06686174	NA	NA	NA	NA	NA	NA	NA	NA	NA	NA
cg06692606	NA	NA	NA	NA	NA	NA	NA	NA	NA	NA
cg06728577	NA	NA	NA	NA	NA	NA	NA	NA	NA	NA
cg06784187	NA	NA	NA	NA	NA	NA	NA	NA	NA	NA
cg06808021	NA	NA	NA	NA	NA	NA	NA	NA	NA	NA
cg06868034	NA	NA	NA	NA	NA	NA	NA	NA	NA	NA
cg06868413	NA	NA	NA	NA	NA	NA	NA	NA	NA	NA
cg06868699	NA	NA	NA	NA	NA	NA	NA	NA	NA	NA
cg06921605	NA	NA	NA	NA	NA	NA	NA	NA	NA	NA
cg06934003	NA	NA	NA	NA	NA	NA	NA	NA	NA	NA
cg06944489	NA	NA	NA	NA	NA	NA	NA	NA	NA	NA
cg06949017	NA	NA	NA	NA	NA	NA	NA	NA	NA	NA
cg06960940	NA	NA	NA	NA	NA	NA	NA	NA	NA	NA
cg06962373	0.802718585202451	0.471231721878861	0.347191237221114	0.666342764604828	0.509369593536751	0.338969558440609	0.841514384049612	0.777627953193851	0.262695673299222	0.79654043239371
cg06970454	NA	NA	NA	NA	NA	NA	NA	NA	NA	NA
cg06977264	NA	NA	NA	NA	NA	NA	NA	NA	NA	NA
cg06995113	NA	NA	NA	NA	NA	NA	NA	NA	NA	NA
cg06999653	0.928404337359531	0.934320127072895	0.890715072679959	0.918470372851409	0.945126321446919	0.85058683615364	0.72969341588466	0.811550662453275	0.233961524603242	0.945784889413387
cg07005246	NA	NA	NA	NA	NA	NA	NA	NA	NA	NA
cg07021678	NA	NA	NA	NA	NA	NA	NA	NA	NA	NA
cg07088430	NA	NA	NA	NA	NA	NA	NA	NA	NA	NA
cg07165120	0.963517143708788	0.959067143441243	0.948383757808072	0.954609864708869	0.949489624428836	0.950885871608214	0.965411195337899	0.961911867146199	0.956593302140059	0.953481943486917
cg07170752	0.828372158516367	0.671684931516236	0.779226105339142	0.644836309772354	0.7996819991288	0.70418942013904	0.862802316210565	0.93784856160601	0.69621629969442	0.856283822586659
cg07221511	NA	NA	NA	NA	NA	NA	NA	NA	NA	NA
cg07228905	0.945010272053482	0.741391666150872	0.738502951069276	0.919836856334608	0.910206269737262	0.886789291372645	0.946418983001033	0.945748604771469	0.822025724773966	0.952022548348029
cg07242196	0.973619021751073	0.974655036226466	0.964243393764216	0.964940470237009	0.973539931805144	0.962798030204195	0.982477093415123	0.985345139403666	0.97091730160941	0.982568541583206
cg07244523	NA	NA	NA	NA	NA	NA	NA	NA	NA	NA
cg07252846	NA	NA	NA	NA	NA	NA	NA	NA	NA	NA
cg07277465	NA	NA	NA	NA	NA	NA	NA	NA	NA	NA
cg07283015	0.761158446810973	0.928989307534613	0.707880252749753	0.947193379998333	0.368182836294925	0.645122795871781	0.95132470980459	0.601148245450951	0.923620328841267	0.89832486627683
cg07372195	0.94358875361427	0.941864205957971	0.943171518141857	0.914102983720124	0.945076841216483	0.945041535466996	0.935634648790308	0.942674322314447	0.935251029567411	0.92457917672625
cg07378405	NA	NA	NA	NA	NA	NA	NA	NA	NA	NA
cg07421068	NA	NA	NA	NA	NA	NA	NA	NA	NA	NA
cg07427559	NA	NA	NA	NA	NA	NA	NA	NA	NA	NA
cg07508429	0.892795193371364	0.899946132296209	0.895308143921524	0.884682485919856	0.897623103344449	0.910906123293162	0.865330634891517	0.911064013905149	0.707515667230549	0.864694459424739
cg07516965	NA	NA	NA	NA	NA	NA	NA	NA	NA	NA
cg07532159	NA	NA	NA	NA	NA	NA	NA	NA	NA	NA
cg07559427	0.80527138116348	0.829294377109373	0.525506676521175	0.952326894549562	0.241801617639519	0.584440399930599	0.147464267392311	0.384730669457643	0.513000021528301	0.912033044706361
cg07590638	NA	NA	NA	NA	NA	NA	NA	NA	NA	NA
cg07612889	NA	NA	NA	NA	NA	NA	NA	NA	NA	NA
cg07633119	NA	NA	NA	NA	NA	NA	NA	NA	NA	NA
cg07645858	NA	NA	NA	NA	NA	NA	NA	NA	NA	NA
cg07672509	NA	NA	NA	NA	NA	NA	NA	NA	NA	NA
cg07690202	NA	NA	NA	NA	NA	NA	NA	NA	NA	NA
cg07752079	NA	NA	NA	NA	NA	NA	NA	NA	NA	NA
cg07752596	NA	NA	NA	NA	NA	NA	NA	NA	NA	NA
cg07756562	NA	NA	NA	NA	NA	NA	NA	NA	NA	NA
cg07757454	NA	NA	NA	NA	NA	NA	NA	NA	NA	NA
cg07810671	NA	NA	NA	NA	NA	NA	NA	NA	NA	NA
cg07841357	NA	NA	NA	NA	NA	NA	NA	NA	NA	NA
cg07855322	NA	NA	NA	NA	NA	NA	NA	NA	NA	NA
cg07856387	NA	NA	NA	NA	NA	NA	NA	NA	NA	NA
cg07902406	NA	NA	NA	NA	NA	NA	NA	NA	NA	NA
cg07912810	NA	NA	NA	NA	NA	NA	NA	NA	NA	NA
cg07922521	0.931894219388583	0.940809463959665	0.895614397943059	0.963686066326618	0.92683708147167	0.953018575081056	0.964268204364436	0.871921254682618	0.955736078248228	0.951901236176759
cg07989373	NA	NA	NA	NA	NA	NA	NA	NA	NA	NA
cg07997387	NA	NA	NA	NA	NA	NA	NA	NA	NA	NA
cg08005007	0.642876584594051	0.651245572836441	0.589116004105156	0.661494180607575	0.580396627297293	0.582846030139282	0.593998842838058	0.624398645399646	0.543046229449465	0.690176740524126
cg08027643	NA	NA	NA	NA	NA	NA	NA	NA	NA	NA
cg08075677	NA	NA	NA	NA	NA	NA	NA	NA	NA	NA
cg08082390	0.947933630581927	0.898113935512534	0.849818793956327	0.905245420367748	0.936448786632128	0.298810119199696	0.932043731548555	0.812523663850742	0.190713187956911	0.944599899510539
cg08096684	0.441103584624533	0.961019345666032	0.354921633863859	0.277263141495014	0.42199799749904	0.451319488644243	0.498800202975652	0.361202961249734	0.423179959795294	0.955150438653159
cg08123100	0.917311204640839	0.744050496757101	NA	0.869192396228091	0.916043714405331	0.775695361657126	0.934918137412107	0.815265203507382	0.799834346079115	0.89959566621801
cg08158805	NA	NA	NA	NA	NA	NA	NA	NA	NA	NA
cg08170119	NA	NA	NA	NA	NA	NA	NA	NA	NA	NA
cg08177743	0.933495979892661	0.934437612324014	0.888836632256469	0.921756023218643	0.962822213261937	0.904594451611432	0.93974796837431	0.942138666655822	0.920961134864316	0.949834596794436
cg08222555	NA	NA	NA	NA	NA	NA	NA	NA	NA	NA
cg08237400	NA	NA	NA	NA	NA	NA	NA	NA	NA	NA
cg08254315	NA	NA	NA	NA	NA	NA	NA	NA	NA	NA
cg08278002	0.935565096300796	NA	0.200746150516579	0.213006807723759	0.163158446173259	0.263347123381997	0.140917703007897	0.04338539724149	0.0831458355434022	0.869083191229076
cg08338237	NA	NA	NA	NA	NA	NA	NA	NA	NA	NA
cg08356248	NA	NA	NA	NA	NA	NA	NA	NA	NA	NA
cg08371086	NA	NA	NA	NA	NA	NA	NA	NA	NA	NA
cg08373323	0.924595662861366	0.926383355435597	0.791631270993317	0.938374499934653	0.930413705918396	0.907830903888313	0.894424442276426	0.938198833391802	0.358909996827517	0.934269938391096
cg08454110	NA	NA	NA	NA	NA	NA	NA	NA	NA	NA
cg08458655	NA	NA	NA	NA	NA	NA	NA	NA	NA	NA
cg08488494	NA	NA	NA	NA	NA	NA	NA	NA	NA	NA
cg08509032	NA	NA	NA	NA	NA	NA	NA	NA	NA	NA
cg08547427	NA	NA	NA	NA	NA	NA	NA	NA	NA	NA
cg08593037	NA	NA	NA	NA	NA	NA	NA	NA	NA	NA
cg08596858	NA	NA	NA	NA	NA	NA	NA	NA	NA	NA
cg08670672	0.904347548008262	0.928842374257786	0.879904510810428	0.93390506095826	0.930696453323421	0.933768311859121	0.911436338230851	0.90343808973973	0.905963307604998	0.91027352954439
cg08694858	NA	NA	NA	NA	NA	NA	NA	NA	NA	NA
cg08714076	0.929608712838069	0.401655305756413	0.67913367245049	0.465103391752129	0.176800402958088	0.299457230224623	0.385382878675288	0.147248230804559	0.220955944131212	0.948021219702241
cg08773876	NA	NA	NA	NA	NA	NA	NA	NA	NA	NA
cg08786064	NA	NA	NA	NA	NA	NA	NA	NA	NA	NA
cg08789741	NA	NA	NA	NA	NA	NA	NA	NA	NA	NA
cg08796647	NA	NA	NA	NA	NA	NA	NA	NA	NA	NA
cg08804555	NA	NA	NA	NA	NA	NA	NA	NA	NA	NA
cg08829007	0.574659114620176	0.35088728523678	0.159275039064904	0.826710162688847	0.685734008935685	0.223980799476943	0.781996147771835	0.226804424052458	0.112870518656642	0.912539593739686
cg08849542	NA	NA	NA	NA	NA	NA	NA	NA	NA	NA
cg08852035	0.928370414809531	0.865072105316703	0.745302706910302	0.900493430417955	0.937049555157562	0.897111308061378	0.915242680497242	0.933153744700398	0.860197596935473	0.910934237997438
cg08859406	NA	NA	NA	NA	NA	NA	NA	NA	NA	NA
cg08877035	0.0566522747223357	0.081809913319093	0.0753809413004307	0.0561671327517306	0.0665303946184491	0.0571165449691228	0.0635511285994262	0.0569049617510118	0.0622766707900562	0.125404270912287
cg08885316	NA	NA	NA	NA	NA	NA	NA	NA	NA	NA
cg08897010	NA	NA	NA	NA	NA	NA	NA	NA	NA	NA
cg08900656	NA	NA	NA	NA	NA	NA	NA	NA	NA	NA
cg08919528	NA	NA	NA	NA	NA	NA	NA	NA	NA	NA
cg08941098	0.821611212675802	NA	NA	0.847662830987723	NA	NA	0.881700201413331	0.882316035105935	NA	0.849813225116941
cg08979870	0.955018660728647	0.938709786586969	0.907180523239283	0.903679211328457	0.933339372928618	0.626668765751607	0.950444246505311	0.953662485524444	0.940901462898347	0.940963739708771
cg08982952	NA	NA	NA	NA	NA	NA	NA	NA	NA	NA
cg08996709	NA	NA	NA	NA	NA	NA	NA	NA	NA	NA
cg09003326	NA	NA	NA	NA	NA	NA	NA	NA	NA	NA
cg09067990	NA	NA	NA	NA	NA	NA	NA	NA	NA	NA
cg09078643	NA	NA	NA	NA	NA	NA	NA	NA	NA	NA
cg09091110	0.954019287700514	0.958514682391335	0.953039681489917	0.942429117880597	0.945714090555751	0.948663990479169	0.961871895471036	0.946964811130878	0.910814726356815	0.955015191730133
cg09121480	NA	NA	NA	NA	NA	NA	NA	NA	NA	NA
cg09124018	NA	NA	NA	NA	NA	NA	NA	NA	NA	NA
cg09168272	NA	NA	NA	NA	NA	NA	NA	NA	NA	NA
cg09203382	NA	NA	NA	NA	NA	NA	NA	NA	NA	NA
cg09226290	NA	NA	NA	NA	NA	NA	NA	NA	NA	NA
cg09248887	0.319446191682607	0.308192051756729	0.183467330464087	0.648388976362833	0.152742688849291	0.291087676728285	0.290080537052327	0.399178111319167	0.21189818976132	0.258011688882239
cg09294660	NA	NA	NA	NA	NA	NA	NA	NA	NA	NA
cg09321430	NA	NA	NA	NA	NA	NA	NA	NA	NA	NA
cg09325695	NA	NA	NA	NA	NA	NA	NA	NA	NA	NA
cg09334541	0.923567441522622	0.797785756826431	0.491698385842221	0.783521665450026	0.940153638061053	0.918360176651949	0.732923302870949	0.937746892593616	0.159321403629695	0.905997830599624
cg09334636	0.942993460953185	0.661644014479279	0.550270330842595	0.473281260585823	0.938287438942299	0.865101353865492	0.362793956254078	0.952231957722497	0.792839391231549	0.934612344050634
cg09344219	NA	NA	NA	NA	NA	NA	NA	NA	NA	NA
cg09344229	NA	NA	NA	NA	NA	NA	NA	NA	NA	NA
cg09388113	NA	NA	NA	NA	NA	NA	NA	NA	NA	NA
cg09406715	NA	NA	NA	NA	NA	NA	NA	NA	NA	NA
cg09456493	0.819029734619238	0.755510289630046	0.538423117588659	0.789449418515732	0.599169359366363	0.771525980506792	0.466044732234917	0.87560259668904	0.817548315814827	0.84319051411348
cg09459740	NA	NA	NA	NA	NA	NA	NA	NA	NA	NA
cg09474625	NA	NA	NA	NA	NA	NA	NA	NA	NA	NA
cg09492074	0.695464283880837	0.47478903856804	0.26931091664633	0.517309735503517	0.579575138337848	0.568457844688468	0.53727726645917	0.191808337185936	0.827987494215609	0.713921442447414
cg09526343	NA	NA	NA	NA	NA	NA	NA	NA	NA	NA
cg09552983	NA	NA	NA	NA	NA	NA	NA	NA	NA	NA
cg09566453	NA	NA	NA	NA	NA	NA	NA	NA	NA	NA
cg09581201	NA	NA	NA	NA	NA	NA	NA	NA	NA	NA
cg09593727	NA	NA	NA	NA	NA	NA	NA	NA	NA	NA
cg09597666	NA	NA	NA	NA	NA	NA	NA	NA	NA	NA
cg09612912	NA	NA	NA	NA	NA	NA	NA	NA	NA	NA
cg09640135	NA	NA	NA	NA	NA	NA	NA	NA	NA	NA
cg09671131	NA	NA	NA	NA	NA	NA	NA	NA	NA	NA
cg09690215	0.165079272825026	0.420361318822984	0.162562082911605	0.0986511671751209	0.134482237586721	0.222245643140032	0.043300923012399	0.0552637171191789	0.15883629915242	0.121874756054061
cg09690561	NA	NA	NA	NA	NA	NA	NA	NA	NA	NA
cg09700327	NA	NA	NA	NA	NA	NA	NA	NA	NA	NA
cg09712756	0.725509336794368	0.887569068118513	0.5957744270245	0.899345403182049	0.880310894562249	0.806829779275725	0.738740534540153	0.891688554869602	0.931267929656668	0.5213535420871
cg09713269	NA	NA	NA	NA	NA	NA	NA	NA	NA	NA
cg09741902	NA	NA	NA	NA	NA	NA	NA	NA	NA	NA
cg09785516	NA	NA	NA	NA	NA	NA	NA	NA	NA	NA
cg09791009	NA	NA	NA	NA	NA	NA	NA	NA	NA	NA
cg09808196	NA	NA	NA	NA	NA	NA	NA	NA	NA	NA
cg09829842	NA	NA	NA	NA	NA	NA	NA	NA	NA	NA
cg09838962	NA	NA	NA	NA	NA	NA	NA	NA	NA	NA
cg09853646	NA	NA	NA	NA	NA	NA	NA	NA	NA	NA
cg09860935	NA	NA	NA	NA	NA	NA	NA	NA	NA	NA
cg09881716	0.752340026628905	0.767271096387617	0.438371719788729	0.607417713481471	0.472577132518539	0.52157394616263	0.640807029102633	0.646865018903621	0.537638184815565	0.853261507331857
cg09894096	NA	NA	NA	NA	NA	NA	NA	NA	NA	NA
cg09908014	NA	NA	NA	NA	NA	NA	NA	NA	NA	NA
cg09921719	0.762937234980994	0.890381001716852	0.849006475675852	0.862972829033325	0.864696872217485	0.754345029816573	0.893834472614865	0.917739112187425	0.872210665089135	0.903087770502545
cg09991426	NA	NA	NA	NA	NA	NA	NA	NA	NA	NA
cg10054980	NA	NA	NA	NA	NA	NA	NA	NA	NA	NA
cg10090044	NA	NA	NA	NA	NA	NA	NA	NA	NA	NA
cg10101533	NA	NA	NA	NA	NA	NA	NA	NA	NA	NA
cg10113618	NA	NA	NA	NA	NA	NA	NA	NA	NA	NA
cg10131227	NA	NA	NA	NA	NA	NA	NA	NA	NA	NA
cg10174975	NA	NA	NA	NA	NA	NA	NA	NA	NA	NA
cg10188698	NA	NA	NA	NA	NA	NA	NA	NA	NA	NA
cg10188909	NA	NA	NA	NA	NA	NA	NA	NA	NA	NA
cg10202675	NA	NA	NA	NA	NA	NA	NA	NA	NA	NA
cg10208777	0.925187166072577	NA	0.828120962324899	0.846027599310748	0.898099674234881	NA	NA	0.904745541175569	NA	0.90362049391312
cg10213886	NA	NA	NA	NA	NA	NA	NA	NA	NA	NA
cg10223155	NA	NA	NA	NA	NA	NA	NA	NA	NA	NA
cg10241247	NA	NA	NA	NA	NA	NA	NA	NA	NA	NA
cg10266189	0.974808153258956	0.96003874056169	0.966557239196271	0.955041527541517	0.967920536707297	0.971563606787828	0.97006917594244	0.945990901251066	0.967303878854087	0.955879483036993
cg10295683	NA	NA	NA	NA	NA	NA	NA	NA	NA	NA
cg10304084	0.967131968923253	0.958061894193306	0.976628409836341	0.961867915193735	0.97287039416185	0.970819318625181	0.963597927460276	0.96955753447734	0.968612864535136	0.958263958580825
cg10317162	NA	NA	NA	NA	NA	NA	NA	NA	NA	NA
cg10346147	NA	NA	NA	NA	NA	NA	NA	NA	NA	NA
cg10369313	NA	NA	NA	NA	NA	NA	NA	NA	NA	NA
cg10369444	NA	NA	NA	NA	NA	NA	NA	NA	NA	NA
cg10375884	0.939593880538629	0.905815587560489	0.322180716348359	0.923389832705485	0.901008404660527	0.211023956231665	0.793445984867107	0.741041261744874	0.39654322262916	0.895697590350435
cg10390329	NA	NA	NA	NA	NA	NA	NA	NA	NA	NA
cg10515439	NA	NA	NA	NA	NA	NA	NA	NA	NA	NA
cg10531521	NA	NA	NA	NA	NA	NA	NA	NA	NA	NA
cg10533493	NA	NA	NA	NA	NA	NA	NA	NA	NA	NA
cg10617091	NA	0.888771188035589	NA	NA	0.928439437578865	NA	NA	0.863786525793912	NA	0.9127002680571
cg10635350	NA	NA	NA	NA	NA	NA	NA	NA	NA	NA
cg10635719	NA	NA	NA	NA	NA	NA	NA	NA	NA	NA
cg10677688	NA	NA	NA	NA	NA	NA	NA	NA	NA	NA
cg10681811	NA	NA	NA	NA	NA	NA	NA	NA	NA	NA
cg10747758	NA	NA	NA	NA	NA	NA	NA	NA	NA	NA
cg10751914	NA	NA	NA	NA	NA	NA	NA	NA	NA	NA
cg10759572	NA	NA	NA	NA	NA	NA	NA	NA	NA	NA
cg10778931	NA	NA	NA	NA	NA	NA	NA	NA	NA	NA
cg10800519	NA	NA	NA	NA	NA	NA	NA	NA	NA	NA
cg10817408	NA	NA	NA	NA	NA	NA	NA	NA	NA	NA
cg10839128	NA	NA	NA	NA	NA	NA	NA	NA	NA	NA
cg10840054	NA	NA	NA	NA	NA	NA	NA	NA	NA	NA
cg10840615	NA	NA	NA	NA	NA	NA	NA	NA	NA	NA
cg10846614	0.11536296263362	0.216567222814919	0.125224143925161	0.656777642757082	0.155413883657217	0.145122240175012	0.179420100989002	0.161190125585111	0.111637323667094	0.282331997705849
cg10867456	NA	NA	NA	NA	NA	NA	NA	NA	NA	NA
cg10930679	0.881591567950255	0.677047542972508	0.523095025009434	0.329494939332388	0.856543434040871	0.629955823622431	0.936586867107427	0.597863389477355	0.227165459967376	0.863094247886246
cg10932815	NA	NA	NA	NA	NA	NA	NA	NA	NA	NA
cg10945028	NA	NA	NA	NA	NA	NA	NA	NA	NA	NA
cg10959344	NA	NA	NA	NA	NA	NA	NA	NA	NA	NA
cg10998505	NA	NA	NA	NA	NA	NA	NA	NA	NA	NA
cg11047457	NA	NA	NA	NA	NA	NA	NA	NA	NA	NA
cg11089276	NA	NA	NA	NA	NA	NA	NA	NA	NA	NA
cg11122456	NA	NA	NA	NA	NA	NA	NA	NA	NA	NA
cg11131508	NA	NA	NA	NA	NA	NA	NA	NA	NA	NA
cg11135347	NA	NA	NA	NA	NA	NA	NA	NA	NA	NA
cg11136406	NA	NA	NA	NA	NA	NA	NA	NA	NA	NA
cg11137761	NA	NA	NA	NA	NA	NA	NA	NA	NA	NA
cg11163362	NA	NA	NA	NA	NA	NA	NA	NA	NA	NA
cg11165316	NA	NA	NA	NA	NA	NA	NA	NA	NA	NA
cg11166888	NA	NA	NA	NA	NA	NA	NA	NA	NA	NA
cg11205224	NA	NA	NA	NA	NA	NA	NA	NA	NA	NA
cg11212329	0.861740053575126	0.172131404555417	0.643401952884254	0.809705118249469	0.72448201707816	0.716079019509446	0.590577127944796	0.723974116451952	0.156798449515521	0.805415945330176
cg11231740	NA	NA	NA	NA	NA	NA	NA	NA	NA	NA
cg11239335	NA	NA	NA	NA	NA	NA	NA	NA	NA	NA
cg11248957	NA	NA	NA	NA	NA	NA	NA	NA	NA	NA
cg11332701	NA	NA	NA	NA	NA	NA	NA	NA	NA	NA
cg11333436	NA	NA	NA	NA	NA	NA	NA	NA	NA	NA
cg11335419	NA	NA	NA	NA	NA	NA	NA	NA	NA	NA
cg11343941	0.906935748479476	0.958196573580504	0.889650053925056	0.941090101985814	0.471285910900298	0.834491821784187	0.961234884696783	0.638948729048542	0.924595008051017	0.932855939432519
cg11345718	NA	NA	NA	NA	NA	NA	NA	NA	NA	NA
cg11359737	NA	NA	NA	NA	NA	NA	NA	NA	NA	NA
cg11363234	0.904798892330816	0.849582868806179	0.803369260417424	0.803830253448613	0.900695561412466	0.61517672527186	0.937594634347188	0.925141088580284	0.913361836715905	0.955902007257894
cg11380503	NA	NA	NA	NA	NA	NA	NA	NA	NA	NA
cg11427900	NA	NA	NA	NA	NA	NA	NA	NA	NA	NA
cg11429177	NA	NA	NA	NA	NA	NA	NA	NA	NA	NA
cg11445797	0.236211320739179	0.93653297980987	0.257680052914168	0.886266792989709	0.673531169236003	0.150945426124833	0.899395297282804	0.333780154961007	0.416028761234756	0.889031002930718
cg11451315	0.966363924756333	0.811539180391777	0.459377914198187	0.95134262592492	0.512313435226396	0.333025042235	0.961321034568426	0.692032347070695	0.208387184734507	0.960547784724246
cg11521212	0.894148172095837	NA	NA	0.882083642142102	0.869615717540586	0.843335905899427	0.902878649792992	NA	NA	0.857853329163145
cg11546131	0.319659949417059	0.835432130388526	0.458202990214606	0.809835746876828	0.698310638123442	0.618691560462019	0.926519166686458	0.301154903962794	0.662097845057055	0.913144622353203
cg11549871	NA	NA	NA	NA	NA	NA	NA	NA	NA	NA
cg11648402	NA	NA	NA	NA	NA	NA	NA	NA	NA	NA
cg11686069	NA	NA	NA	NA	NA	NA	NA	NA	NA	NA
cg11688553	0.923219747564376	0.790774993850535	0.867908339946403	0.94812604195084	0.943905443473073	0.631197976255498	0.929215392488736	0.952563173280742	0.301167938053604	0.952024528665532
cg11722990	NA	NA	NA	NA	NA	NA	NA	NA	NA	NA
cg11753004	NA	NA	NA	NA	NA	NA	NA	NA	NA	NA
cg11796578	0.936148021096487	0.915541640172299	0.898181838383218	NA	0.876321442826267	0.634479603308443	0.933051666288089	0.938356834783332	NA	0.909524255012604
cg11806813	NA	NA	NA	NA	NA	NA	NA	NA	NA	NA
cg11816434	0.399307124830531	0.602335940810126	0.616191460272329	0.844220871385594	0.609634451321746	0.791940029581439	0.664098144313677	0.729397365700527	0.453929538786407	0.588863073162703
cg11827743	0.765444749275658	0.877627421401017	0.617599314068541	0.903763100059563	0.62852742963312	0.597954604289654	0.671404628416595	0.571680063030298	0.605911150558729	0.954859079067589
cg11846226	NA	NA	NA	NA	NA	NA	NA	NA	NA	NA
cg11930700	NA	NA	NA	NA	NA	NA	NA	NA	NA	NA
cg11968166	NA	NA	NA	NA	NA	NA	NA	NA	NA	NA
cg12049322	NA	NA	NA	NA	NA	NA	NA	NA	NA	NA
cg12101572	NA	NA	NA	NA	NA	NA	NA	NA	NA	NA
cg12103802	NA	NA	NA	NA	NA	NA	NA	NA	NA	NA
cg12113981	0.935751919543969	0.33911716914172	0.152336628328602	0.797242090509811	0.912400314028701	0.234023311559144	0.946635783388768	0.123477768906081	0.106130037300346	0.905624998335257
cg12135953	0.949196078411667	0.952354128618543	0.890719266196057	0.918812963037954	0.641989718531694	0.549888746404045	0.951116416589142	0.795735894818762	0.382594942834232	0.956059629485918
cg12159166	0.95460741982419	0.959277296195118	0.946727915106317	0.956525085975629	0.956784637158667	0.957283998721583	0.952638607606483	0.958117728130836	0.946057077030741	0.945670697922874
cg12190125	NA	NA	NA	NA	NA	NA	NA	NA	NA	NA
cg12205645	NA	NA	NA	NA	NA	NA	NA	NA	NA	NA
cg12221729	NA	NA	NA	NA	NA	NA	NA	NA	NA	NA
cg12224855	NA	NA	NA	NA	NA	NA	NA	NA	NA	NA
cg12248480	NA	NA	NA	NA	NA	NA	NA	NA	NA	NA
cg12252868	NA	NA	NA	NA	NA	NA	NA	NA	NA	NA
cg12284736	NA	NA	NA	NA	NA	NA	NA	NA	NA	NA
cg12286403	NA	NA	NA	NA	NA	NA	NA	NA	NA	NA
cg12298312	NA	NA	NA	NA	NA	NA	NA	NA	NA	NA
cg12315011	NA	NA	NA	NA	NA	NA	NA	NA	NA	NA
cg12321355	0.937259224358916	0.942972042855059	0.864446528870737	0.893862412400896	0.934456593849816	0.883863767754372	0.911466949308565	0.908213225041222	0.890298133517482	0.910184289404366
cg12336935	NA	NA	NA	NA	NA	NA	NA	NA	NA	NA
cg12340381	NA	NA	NA	NA	NA	NA	NA	NA	NA	NA
cg12401953	0.934095070259834	0.311631535680044	NA	0.149355088829699	0.90041675330436	0.943104721445272	0.931357160095506	0.863498719660384	0.137615855012455	0.92434879441352
cg12419663	NA	NA	NA	NA	NA	NA	NA	NA	NA	NA
cg12470218	0.936992948884143	0.926110076095865	0.8947923287689	0.91463262842397	0.932420813695124	0.886546586383889	0.927555236163192	0.942037010873174	0.9299450413634	0.921768551006672
cg12475092	NA	NA	NA	NA	NA	NA	NA	NA	NA	NA
cg12501523	NA	NA	NA	NA	NA	NA	NA	NA	NA	NA
cg12514654	NA	NA	NA	NA	NA	NA	NA	NA	NA	NA
cg12525774	NA	NA	NA	NA	NA	NA	NA	NA	NA	NA
cg12566078	0.896362944984526	0.664613158245433	0.545584868949364	0.576506674564902	0.172383469098441	0.206208869090134	0.117093645257787	0.236159409320163	0.172042718086081	0.898244454611225
cg12578116	NA	NA	NA	NA	NA	NA	NA	NA	NA	NA
cg12647952	0.186894418384461	NA	NA	NA	0.147871606121654	NA	NA	0.102388853943736	0.230687770011438	NA
cg12678329	NA	NA	NA	NA	NA	NA	NA	NA	NA	NA
cg12705541	0.3595419679161	0.110642323793411	0.106611957131326	0.0586181486234122	0.900864532111133	0.541461511209995	0.634380094464831	0.903209546639325	0.105277507560918	0.905946345165751
cg12728543	NA	NA	NA	NA	NA	NA	NA	NA	NA	NA
cg12752449	0.837480102896358	0.883716993791215	0.940780718567263	0.923526527828205	0.923649764208903	0.890202804844132	0.911172961027825	0.935518808724706	0.55071154790241	0.92504575092777
cg12757890	NA	NA	NA	NA	NA	NA	NA	NA	NA	NA
cg12765935	NA	NA	NA	NA	NA	NA	NA	NA	NA	NA
cg12774391	0.937269794046597	0.941719730155056	0.928318110496836	0.883397339572821	0.947335882166974	0.928627363865097	0.930407490958732	0.937870928572484	0.940537885775963	0.92513989763754
cg12794109	NA	NA	NA	NA	NA	NA	NA	NA	NA	NA
cg12809883	NA	NA	NA	NA	NA	NA	NA	NA	NA	NA
cg12874388	NA	NA	NA	NA	NA	NA	NA	NA	NA	NA
cg12882999	NA	NA	NA	NA	NA	NA	NA	NA	NA	NA
cg12934659	0.286555577869851	0.42832709174845	0.413184662663159	0.327123760881562	0.196115764761156	0.325698449673189	0.146156284630283	0.601317916917341	0.255648298069907	NA
cg12977946	NA	NA	NA	NA	NA	NA	NA	NA	NA	NA
cg12980798	NA	NA	NA	NA	NA	NA	NA	NA	NA	NA
cg12985923	0.701537488062421	0.957004274041106	0.906662068476071	0.942886122569895	0.96690730673296	0.819517026744325	0.932534199156181	0.842357599844372	0.809157913329922	0.957136798495963
cg13003329	NA	NA	NA	NA	NA	NA	NA	NA	NA	NA
cg13018639	0.8886534627302	NA	NA	0.887088720705057	NA	NA	0.930913200628936	0.897078445376689	0.130332274414286	NA
cg13022905	NA	NA	NA	NA	NA	NA	NA	NA	NA	NA
cg13060607	NA	NA	NA	NA	NA	NA	NA	NA	NA	NA
cg13082604	NA	NA	NA	NA	NA	NA	NA	NA	NA	NA
cg13105167	NA	NA	NA	NA	NA	NA	NA	NA	NA	NA
cg13155421	0.938169334579415	0.530249027554996	0.854002674404251	0.773232648409275	0.875416839076083	0.916666351703521	0.966870394827939	0.952373584114009	0.621697383916733	0.962574393160383
cg13202514	NA	NA	NA	NA	NA	NA	NA	NA	NA	NA
cg13225272	NA	NA	NA	NA	NA	NA	NA	NA	NA	NA
cg13227480	NA	NA	NA	NA	NA	NA	NA	NA	NA	NA
cg13234587	0.94895891455233	0.918634259326198	0.476768134639817	0.939445814659158	0.925284460485734	0.952491580837565	0.960658722104098	0.932707462591634	0.170712939918533	0.942066636937333
cg13244886	NA	NA	NA	NA	NA	NA	NA	NA	NA	NA
cg13247922	NA	NA	NA	NA	NA	NA	NA	NA	NA	NA
cg13278241	NA	NA	NA	NA	NA	NA	NA	NA	NA	NA
cg13324357	NA	NA	NA	NA	NA	NA	NA	NA	NA	NA
cg13342370	NA	NA	NA	NA	NA	NA	NA	NA	NA	NA
cg13375629	0.48838151926356	0.890537430417028	0.306839881888835	0.917619349809526	0.548002253012331	0.923710911446459	0.865837009031599	0.365641655336912	0.180486679972241	0.894022193024747
cg13386084	NA	NA	NA	NA	NA	NA	NA	NA	NA	NA
cg13391607	NA	NA	NA	NA	NA	NA	NA	NA	NA	NA
cg13412213	0.914733023548215	0.516506301006642	0.297672275768412	0.880076917989619	0.72299737675102	0.316955607747644	0.269731265214004	0.143064991482585	0.840575446218331	0.925743446588591
cg13415320	NA	NA	NA	NA	NA	NA	NA	NA	NA	NA
cg13436725	NA	NA	NA	NA	NA	NA	NA	NA	NA	NA
cg13442045	NA	NA	NA	NA	NA	NA	NA	NA	NA	NA
cg13475915	NA	NA	NA	NA	NA	NA	NA	NA	NA	NA
cg13487422	NA	NA	NA	NA	NA	NA	NA	NA	NA	NA
cg13498940	NA	NA	NA	NA	NA	NA	NA	NA	NA	NA
cg13534903	NA	NA	NA	NA	NA	NA	NA	NA	NA	NA
cg13542042	NA	NA	NA	NA	NA	NA	NA	NA	NA	NA
cg13574050	NA	NA	NA	NA	NA	NA	NA	NA	NA	NA
cg13579926	NA	NA	NA	NA	NA	NA	NA	NA	NA	NA
cg13583523	0.921862374927164	0.622470275889308	0.128707696842643	0.110869208158013	0.152116783796041	0.479716915629175	0.131930541145565	0.0719009403088231	0.329471381555121	0.658978658873348
cg13594837	NA	NA	NA	NA	NA	NA	NA	NA	NA	NA
cg13597865	NA	NA	NA	NA	NA	NA	NA	NA	NA	NA
cg13599051	NA	NA	NA	NA	NA	NA	NA	NA	NA	NA
cg13614060	0.816965509098171	0.383712541007852	0.251952997883787	0.792195112968339	0.566886904130128	0.212087533457343	0.853096420787207	0.543743150676258	0.133988793811108	0.887116527282003
cg13625213	0.966081581940676	0.595505002472013	0.723586796569743	0.964274738578703	0.96332494278244	0.599331075113597	0.963300623357145	0.950989231159224	0.407576905882297	0.963474450739578
cg13642800	NA	NA	NA	NA	NA	NA	NA	NA	NA	NA
cg13644646	NA	NA	NA	NA	NA	NA	NA	NA	NA	NA
cg13662724	NA	NA	NA	NA	NA	NA	NA	NA	NA	NA
cg13714241	NA	NA	NA	NA	NA	NA	NA	NA	NA	NA
cg13715827	NA	NA	NA	NA	NA	NA	NA	NA	NA	NA
cg13716167	NA	NA	NA	NA	NA	NA	NA	NA	NA	NA
cg13717555	NA	NA	NA	NA	NA	NA	NA	NA	NA	NA
cg13754621	NA	NA	NA	NA	NA	NA	NA	NA	NA	NA
cg13759931	NA	NA	NA	NA	NA	NA	NA	NA	NA	NA
cg13781938	0.948663152338501	0.900319729160468	0.66453033722018	0.816911117127164	0.748067046395783	0.603084209977575	0.82262252369091	0.917071029965074	0.546769400446964	0.960690758284815
cg13848981	NA	NA	NA	NA	NA	NA	NA	NA	NA	NA
cg13873902	NA	NA	NA	NA	NA	NA	NA	NA	NA	NA
cg13876071	NA	NA	NA	NA	NA	NA	NA	NA	NA	NA
cg13877944	NA	NA	NA	NA	NA	NA	NA	NA	NA	NA
cg13882046	NA	NA	NA	NA	NA	NA	NA	NA	NA	NA
cg13947513	NA	NA	NA	NA	NA	NA	NA	NA	NA	NA
cg13979194	NA	NA	NA	NA	NA	NA	NA	NA	NA	NA
cg13980410	0.528120691132067	0.434908250260829	0.241085002002682	0.877781373630408	0.539207244489017	0.567692433020226	0.928986520730196	0.933369485166727	0.219310263837773	0.880784382705393
cg13982037	0.920002898545541	0.601607519567533	0.25429931976746	0.0959394155033231	NA	NA	0.359110774866161	0.319610444183996	NA	0.875851571682146
cg13983495	NA	NA	NA	NA	NA	NA	NA	NA	NA	NA
cg14027704	NA	NA	NA	NA	NA	NA	NA	NA	NA	NA
cg14029959	0.23026290404815	0.616293687832033	0.308503451732192	0.685296804148241	0.369199453140273	0.460676586317717	0.197586294708599	0.149062150213418	0.295425751926746	0.373256439514026
cg14033737	NA	NA	NA	NA	NA	NA	NA	NA	NA	NA
cg14041094	0.942812155028024	0.896766028998872	0.51887164068881	0.946436071266131	0.349242866769514	0.31268055920028	0.911034000376447	0.851641122773974	0.460241851320869	0.911116998744476
cg14048785	NA	NA	NA	NA	NA	NA	NA	NA	NA	NA
cg14102569	NA	NA	NA	NA	NA	NA	NA	NA	NA	NA
cg14122723	NA	NA	NA	NA	NA	NA	NA	NA	NA	NA
cg14143323	NA	NA	NA	NA	NA	NA	NA	NA	NA	NA
cg14153625	NA	NA	NA	NA	NA	NA	NA	NA	NA	NA
cg14178937	NA	NA	NA	NA	NA	NA	NA	NA	NA	NA
cg14184524	0.0877318826002957	0.530475262419547	0.26995751893747	0.164891490792151	0.120327092340159	0.276326403876893	NA	0.0857500931526871	0.612661618202181	NA
cg14212012	NA	NA	NA	NA	NA	NA	NA	0.072930173727648	NA	NA
cg14218089	NA	NA	NA	NA	NA	NA	NA	NA	NA	NA
cg14220427	NA	NA	NA	NA	NA	NA	NA	NA	NA	NA
cg14305657	NA	NA	NA	NA	NA	NA	NA	NA	NA	NA
cg14310179	NA	NA	NA	NA	NA	NA	NA	NA	NA	NA
cg14319700	NA	NA	NA	NA	NA	NA	NA	NA	NA	NA
cg14347328	NA	NA	NA	NA	NA	NA	NA	NA	NA	NA
cg14373718	NA	NA	NA	NA	NA	NA	NA	NA	NA	NA
cg14390884	NA	NA	NA	NA	NA	NA	NA	NA	NA	NA
cg14404146	NA	NA	NA	NA	NA	NA	NA	NA	NA	NA
cg14430410	NA	NA	NA	NA	NA	NA	NA	NA	NA	NA
cg14444297	NA	NA	NA	NA	NA	NA	NA	NA	NA	NA
cg14558728	NA	NA	NA	NA	NA	NA	NA	NA	NA	NA
cg14571682	0.965397699218444	0.951105534390203	0.837702516027722	0.951960307952462	0.961312772721403	0.942117035736053	0.956308266151007	0.960982286922587	0.950417879899241	0.94990738957161
cg14595915	NA	NA	NA	NA	NA	NA	NA	NA	NA	NA
cg14607955	0.969267313274221	0.966959440587953	0.938560895664242	0.955566145431116	0.958644151389443	0.957719648915626	0.956488865954091	0.958958011238576	0.949830442561988	0.95589746124378
cg14615553	0.928409170443178	NA	0.895779836531912	NA	0.844532641041488	0.651259602769482	0.700289754836607	0.937826751566159	NA	0.917814424339641
cg14642414	0.955818363596329	0.421057319466602	0.753905530464703	0.634439219756974	0.51740077852938	0.913732558987575	0.6726090433211	0.908689734498082	0.344699445081656	0.947371960793426
cg14650677	NA	NA	NA	NA	NA	NA	NA	NA	NA	NA
cg14670213	0.891865213310974	0.680739489985947	NA	0.849800656660541	0.1822961717267	0.387152262401012	0.258621815904359	NA	0.256783652040069	0.903522597792892
cg14673247	0.622913290342774	0.167968406413553	0.118981621618056	0.0713374770155572	0.112366651895436	0.2621592697982	0.0733896250301118	0.0470713155860882	0.0693725370514851	0.822580084868088
cg14677013	NA	NA	NA	NA	NA	NA	NA	NA	NA	NA
cg14683055	NA	NA	NA	NA	NA	NA	NA	NA	NA	NA
cg14706226	NA	NA	NA	NA	NA	NA	NA	NA	NA	NA
cg14707886	0.940938278614731	0.913761950488522	0.935319390140962	0.933900177934439	0.950090423390789	0.931760887312239	0.934169974536582	0.946716842994074	0.932555371991922	0.951699356437183
cg14715098	NA	NA	NA	NA	NA	NA	NA	NA	NA	NA
cg14741811	NA	NA	NA	NA	NA	NA	NA	NA	NA	NA
cg14756640	NA	NA	NA	NA	NA	NA	NA	NA	NA	NA
cg14757759	NA	NA	NA	NA	NA	NA	NA	NA	NA	NA
cg14773480	NA	NA	NA	NA	NA	NA	NA	NA	NA	NA
cg14798158	NA	NA	NA	NA	NA	NA	NA	NA	NA	NA
cg14835746	NA	NA	NA	NA	NA	NA	NA	NA	NA	NA
cg14840439	NA	NA	NA	NA	NA	NA	NA	NA	NA	NA
cg14841222	NA	NA	NA	NA	NA	NA	NA	NA	NA	NA
cg14852920	NA	NA	NA	NA	NA	NA	NA	NA	NA	NA
cg14857615	NA	NA	NA	NA	NA	NA	NA	NA	NA	NA
cg14882797	NA	NA	NA	NA	NA	NA	NA	NA	NA	NA
cg14959695	NA	NA	NA	NA	NA	NA	NA	NA	NA	NA
cg14985830	NA	NA	NA	NA	NA	NA	NA	NA	NA	NA
cg15007326	NA	NA	NA	NA	NA	NA	NA	NA	NA	NA
cg15035590	0.949171102445906	0.93913746269008	0.7948715058503	0.856605914985595	0.925917382881674	0.936920876897058	0.958150838182569	0.932539659539978	0.617066600906925	0.95337445796971
cg15057836	NA	NA	NA	NA	NA	NA	NA	NA	NA	NA
cg15067764	NA	NA	NA	NA	NA	NA	NA	NA	NA	NA
cg15077416	NA	NA	NA	NA	NA	NA	NA	NA	NA	NA
cg15112210	0.941092872500095	0.951362951234334	0.665814508328161	0.954330394310295	0.969840923122274	0.943151282983024	0.959435942631455	0.943043084916065	0.896960221236696	0.941293923784147
cg15162320	NA	NA	NA	NA	NA	NA	NA	NA	NA	NA
cg15172011	NA	NA	NA	NA	NA	NA	NA	NA	NA	NA
cg15175091	NA	NA	NA	NA	NA	NA	NA	NA	NA	NA
cg15263875	NA	NA	NA	NA	NA	NA	NA	NA	NA	NA
cg15293759	NA	NA	NA	NA	NA	NA	NA	NA	NA	NA
cg15323066	NA	NA	NA	NA	NA	NA	NA	NA	NA	NA
cg15330419	NA	NA	NA	NA	NA	NA	NA	NA	NA	NA
cg15347484	NA	NA	NA	NA	NA	NA	NA	NA	NA	NA
cg15358035	NA	NA	NA	NA	NA	NA	NA	NA	NA	NA
cg15412313	0.89437629573594	0.912171111866149	0.914146389342973	0.952569498923475	0.922726230527117	0.945645990401038	0.886206651095986	0.892283122630915	0.722420419250711	0.879649259320137
cg15442567	NA	NA	NA	NA	NA	NA	NA	NA	NA	NA
cg15535686	0.964364383476102	0.970042963072024	0.958185877875507	0.972211260265024	0.940946791540997	0.938979389825294	0.968205465892962	0.963347970771233	0.96396634817988	0.949673595631506
cg15548284	NA	NA	NA	NA	NA	NA	NA	NA	NA	NA
cg15553710	NA	NA	NA	NA	NA	NA	NA	NA	NA	NA
cg15556873	0.925043776295923	0.889651740567001	NA	NA	0.842791671552091	NA	0.826197807067141	0.935032613896736	0.899561804969925	0.88523724081541
cg15560337	0.475882660431825	0.208595606614608	0.2042190669792	0.1473183221374	0.179751421970791	0.211392450065071	0.0742423561681502	0.0492008098981128	0.148750328116055	0.546743993044367
cg15603614	NA	NA	NA	NA	NA	NA	NA	NA	NA	NA
cg15604398	0.226576283712626	0.916664731501822	0.280362341288957	0.951466248369253	0.19575623282947	0.21906253128787	0.808786938430728	0.273906841421838	0.132433633997211	0.930777454338709
cg15611936	NA	NA	NA	NA	NA	NA	NA	NA	NA	NA
cg15633618	NA	NA	NA	NA	NA	NA	NA	NA	NA	NA
cg15703165	NA	NA	NA	NA	NA	NA	NA	NA	NA	NA
cg15708382	NA	NA	NA	NA	NA	NA	NA	NA	NA	NA
cg15718106	NA	NA	NA	NA	NA	NA	NA	NA	NA	NA
cg15733632	NA	NA	NA	NA	NA	NA	NA	NA	NA	NA
cg15771551	NA	NA	NA	NA	NA	NA	NA	NA	NA	NA
cg15814092	NA	NA	NA	NA	NA	NA	NA	NA	NA	NA
cg15820400	0.957293884964577	0.945820440801616	0.917060868828267	0.928059399527156	0.925803171339252	0.907425880155631	0.950508458441003	0.945121617274609	0.920052846828267	0.935366333286648
cg15843977	NA	NA	NA	NA	NA	NA	NA	NA	NA	NA
cg15847775	NA	NA	NA	NA	NA	NA	NA	NA	NA	NA
cg15874144	NA	NA	NA	NA	NA	NA	NA	NA	NA	NA
cg15886896	NA	NA	NA	NA	NA	NA	NA	NA	NA	NA
cg15939182	NA	NA	NA	NA	NA	NA	NA	NA	NA	NA
cg15990679	NA	NA	NA	NA	NA	NA	NA	NA	NA	NA
cg15996647	NA	NA	NA	NA	NA	NA	NA	NA	NA	NA
cg16016766	NA	NA	NA	NA	NA	NA	NA	NA	NA	NA
cg16047049	0.948869749659974	0.978613534797901	0.899941588210511	0.927883078673765	0.870596960800517	0.964772421054652	0.966471535006933	0.975669347842958	0.963923781672438	0.966852924528274
cg16067453	NA	NA	NA	NA	NA	NA	NA	NA	NA	NA
cg16098957	NA	NA	NA	NA	NA	NA	NA	NA	NA	NA
cg16103996	NA	NA	NA	NA	NA	NA	NA	NA	NA	NA
cg16105080	NA	NA	NA	NA	NA	NA	NA	NA	NA	NA
cg16134501	NA	NA	NA	NA	NA	NA	NA	NA	NA	NA
cg16248160	0.427811010146507	0.569788882511103	0.258199516305169	0.922929012267477	0.844604013492054	0.881874452332026	0.935524326305473	0.402912982394221	0.147270285896466	0.943290516487076
cg16287042	NA	NA	NA	NA	NA	NA	NA	NA	NA	NA
cg16297530	NA	NA	NA	NA	NA	NA	NA	NA	NA	NA
cg16315980	NA	NA	NA	NA	NA	NA	NA	NA	NA	NA
cg16320398	NA	NA	NA	NA	NA	NA	NA	NA	NA	NA
cg16333561	0.919578927970301	0.794868272010269	0.396111385314474	0.953827034141937	0.586531512768014	0.364753281189259	0.939401525330731	0.730854415663666	0.215740508066469	0.937174844976067
cg16356630	NA	NA	NA	NA	NA	NA	NA	NA	NA	NA
cg16359517	NA	NA	NA	NA	NA	NA	NA	NA	NA	NA
cg16362587	0.956327263196218	0.960337907686475	0.946661184115738	0.934966978563004	0.917704602476319	0.928807162271906	0.95581493046587	0.930414401477938	0.92025764624673	0.922754961701135
cg16376484	0.897504658803095	0.853052509773328	0.713283749031897	0.871729345020814	0.842160903260576	0.639533415309041	0.836421799357818	0.74814639259092	0.493581786828307	0.848799325469207
cg16393125	NA	NA	NA	NA	NA	NA	NA	NA	NA	NA
cg16395183	NA	NA	NA	NA	NA	NA	NA	NA	NA	NA
cg16414691	0.773593974116988	0.665042404517702	0.698039990284782	0.433686651040707	0.607634980025354	0.905403683697019	0.914503212553013	0.897181967431992	0.781859319762085	0.872326062798004
cg16452272	NA	NA	NA	NA	NA	NA	NA	NA	NA	NA
cg16461335	0.844413468263153	0.616394546727559	0.348718285845948	0.761771115710192	0.453234665372915	0.480310934923089	0.388057621946424	0.819973928830342	0.501979530233684	0.760104821565814
cg16468183	NA	NA	NA	NA	NA	NA	NA	NA	NA	NA
cg16470306	NA	NA	NA	NA	NA	NA	NA	NA	NA	NA
cg16470963	NA	NA	NA	NA	NA	NA	NA	NA	NA	NA
cg16472945	NA	NA	NA	NA	NA	NA	NA	NA	NA	NA
cg16494843	NA	NA	NA	NA	NA	NA	NA	NA	NA	NA
cg16503713	NA	NA	NA	NA	NA	NA	NA	NA	NA	NA
cg16532362	NA	NA	NA	NA	NA	NA	NA	NA	NA	NA
cg16535779	NA	NA	NA	NA	NA	NA	NA	NA	NA	NA
cg16543943	0.909062268881089	0.902264119726073	0.88437029907529	0.891295860050526	0.918325102394905	0.893328617694811	0.866144686741297	0.925328822005401	0.916314626779769	NA
cg16577356	0.872295887764111	0.665601709602976	0.721664099036651	0.773511150177046	0.884139795539695	0.45299700104648	0.926945402527375	0.866414074148507	0.148684590346187	0.939137641432005
cg16578802	NA	NA	NA	NA	NA	NA	NA	NA	NA	NA
cg16583381	NA	NA	NA	NA	NA	NA	NA	NA	NA	NA
cg16596250	NA	NA	NA	NA	NA	NA	NA	NA	NA	NA
cg16601146	NA	NA	NA	NA	NA	NA	NA	NA	NA	NA
cg16620160	NA	NA	NA	NA	NA	NA	NA	NA	NA	NA
cg16656411	0.0804931223237354	0.0419202929834452	0.195169863015251	0.0722142031247069	0.0855946337909727	0.0414781090057435	0.0307901807762117	0.0406844775335489	0.867290939208408	0.0333618744187535
cg16669485	0.766502544816022	0.720550202041201	0.504477512257672	0.469202719195875	0.438218538679155	0.650987214818347	0.915689726951188	0.0566761555257689	0.190770083003387	0.149234879589987
cg16683981	0.881807909292059	NA	NA	NA	NA	NA	NA	0.896791132647834	NA	NA
cg16710828	NA	NA	NA	NA	NA	NA	NA	NA	NA	NA
cg16712481	0.943562675483057	0.916736311480626	0.502433463027281	0.955316654497538	0.295280688623079	0.383260865755618	0.472040683418734	0.633622613218701	0.214421472545015	0.938632882658362
cg16713069	NA	NA	NA	NA	NA	NA	NA	NA	NA	NA
cg16725552	NA	NA	NA	NA	NA	NA	NA	NA	NA	NA
cg16739054	NA	NA	NA	NA	NA	NA	NA	NA	NA	NA
cg16741463	NA	NA	NA	NA	NA	NA	NA	NA	NA	NA
cg16780032	NA	NA	NA	NA	NA	NA	NA	NA	NA	NA
cg16789902	NA	NA	NA	NA	NA	NA	NA	NA	NA	NA
cg16790676	NA	NA	NA	NA	NA	NA	NA	NA	NA	NA
cg16869809	0.263579730555619	0.416951970051639	0.497378771807954	0.660955168562009	0.586887849139689	0.518599827445634	0.65233874745007	0.84565589909943	0.217533897888538	0.910456756589579
cg16944496	NA	NA	NA	NA	NA	NA	NA	NA	NA	NA
cg16952929	NA	NA	NA	NA	NA	NA	NA	NA	NA	NA
cg17027033	NA	NA	NA	NA	NA	NA	NA	NA	NA	NA
cg17051552	NA	NA	NA	NA	NA	NA	NA	NA	NA	NA
cg17056317	NA	NA	NA	NA	NA	NA	NA	NA	NA	NA
cg17063731	NA	NA	NA	NA	NA	NA	NA	NA	NA	NA
cg17092860	NA	NA	NA	NA	NA	NA	NA	NA	NA	NA
cg17132591	NA	NA	NA	NA	NA	NA	NA	NA	NA	NA
cg17140133	NA	NA	NA	NA	NA	NA	NA	NA	NA	NA
cg17146997	NA	NA	NA	NA	NA	NA	NA	NA	NA	NA
cg17182464	NA	NA	NA	NA	NA	NA	NA	NA	NA	NA
cg17210130	NA	NA	NA	NA	NA	NA	NA	NA	NA	NA
cg17216266	0.957979052688993	0.942129579468474	0.874446142343486	0.914462513117729	0.919726565966238	0.937226309226742	0.952318050924256	0.939855750784594	0.295534599606504	0.93205732462902
cg17240701	NA	NA	NA	NA	NA	NA	NA	NA	NA	NA
cg17272549	0.939466934831286	0.762717338075515	0.898835965915492	0.887248287490497	0.900260248672415	0.920758293981947	0.941992655704369	0.943753453303479	0.903418056554343	0.928903785046423
cg17273919	NA	NA	NA	NA	NA	NA	NA	NA	NA	NA
cg17324339	NA	NA	NA	NA	NA	NA	NA	NA	NA	NA
cg17333139	NA	NA	NA	NA	NA	NA	NA	NA	NA	NA
cg17365377	NA	NA	NA	NA	NA	NA	NA	NA	NA	NA
cg17367457	NA	NA	NA	NA	NA	NA	NA	NA	NA	NA
cg17440987	NA	NA	NA	NA	NA	NA	NA	NA	NA	NA
cg17447300	NA	NA	NA	NA	NA	NA	NA	NA	NA	NA
cg17463277	0.249793475731263	0.20588415169219	0.207516053986399	0.140692943894892	0.143105045748625	0.209723164894477	0.319779426907684	0.145015468236989	0.140095013258313	0.398844348876559
cg17482273	NA	NA	NA	NA	NA	NA	NA	NA	NA	NA
cg17489282	NA	NA	NA	NA	NA	NA	NA	NA	NA	NA
cg17521526	NA	NA	NA	NA	NA	NA	NA	NA	NA	NA
cg17585181	NA	NA	NA	NA	NA	NA	NA	NA	NA	NA
cg17592693	NA	NA	NA	NA	NA	NA	NA	NA	NA	NA
cg17613911	NA	NA	NA	NA	NA	NA	NA	NA	NA	NA
cg17639413	0.969256589523521	0.93251898435408	0.903700363192487	0.657944330186202	0.642197745415747	0.367280091694276	0.9565874454388	0.546553999609355	0.928105145195102	0.942947150714796
cg17651095	NA	NA	NA	NA	NA	NA	NA	NA	NA	NA
cg17659797	0.872528287427437	0.802987132662638	0.496030890398483	0.817495862356892	0.668793551454006	0.538869319044533	0.848947666933542	0.9287789779228	0.367194165055402	0.827671671103554
cg17727418	NA	NA	NA	NA	NA	NA	NA	NA	NA	NA
cg17732646	0.954363426801227	0.96316906774401	0.932582821926192	0.950168976359517	0.956085534615527	0.957915214061642	0.943132280920956	0.956573645039222	0.950913938639133	0.957504207330847
cg17857642	NA	NA	NA	NA	NA	NA	NA	NA	NA	NA
cg17862146	NA	NA	NA	NA	NA	NA	NA	NA	NA	NA
cg17900273	NA	NA	NA	NA	NA	NA	NA	NA	NA	NA
cg17917920	NA	NA	NA	NA	NA	NA	NA	NA	NA	NA
cg17935214	0.211886915903689	0.511400100593021	0.400875950859884	0.607848582016135	0.236531112655841	0.274935324696852	0.552893110344274	0.299374037212877	0.253708547226938	0.498469730674177
cg17947225	NA	NA	NA	NA	NA	NA	NA	NA	NA	NA
cg17967453	NA	NA	NA	NA	NA	NA	NA	NA	NA	NA
cg18030084	NA	NA	NA	NA	NA	NA	NA	NA	NA	NA
cg18047609	0.772669881937148	0.510391276382662	0.187592071704516	0.924798703958233	0.884341302810839	0.825226282407881	0.924400710792729	NA	NA	0.90158976358753
cg18067665	NA	NA	NA	NA	NA	NA	NA	NA	NA	NA
cg18070057	NA	NA	NA	NA	NA	NA	NA	NA	NA	NA
cg18086868	0.624203912168567	0.293636862059087	0.167812984237057	0.0965668556092914	0.160209286830649	0.139474350210211	0.625353930247121	0.206300332009181	0.088271195115395	0.391939791136113
cg18105665	0.971717913659109	0.765779770812232	0.957897587623176	0.959544276289828	0.839875976329231	0.778683914951438	0.95223053713136	0.957819188134549	0.759544903436338	0.965313869781381
cg18140324	NA	NA	NA	NA	NA	NA	NA	NA	NA	NA
cg18143116	NA	NA	NA	NA	NA	NA	NA	NA	NA	NA
cg18183019	NA	NA	NA	NA	NA	NA	NA	NA	NA	NA
cg18193230	NA	NA	NA	NA	NA	NA	NA	NA	NA	NA
cg18221988	NA	NA	NA	NA	NA	NA	NA	NA	NA	NA
cg18274510	0.363106413188757	0.897994492481817	0.472075976083721	0.241840987358083	0.226694351819666	0.517129994787027	0.267467225632744	0.118128704158111	0.509829193077204	0.528888709142616
cg18274732	NA	NA	NA	NA	NA	NA	NA	NA	NA	NA
cg18275339	NA	NA	NA	NA	NA	NA	NA	NA	NA	NA
cg18296448	NA	NA	NA	NA	NA	NA	NA	NA	NA	NA
cg18309935	NA	NA	NA	NA	NA	NA	NA	NA	NA	NA
cg18360585	NA	NA	NA	NA	NA	NA	NA	NA	NA	NA
cg18381729	NA	NA	NA	NA	NA	NA	NA	NA	NA	NA
cg18401511	NA	NA	NA	NA	NA	NA	NA	NA	NA	NA
cg18402433	NA	NA	NA	NA	NA	NA	NA	NA	NA	NA
cg18458116	NA	NA	NA	NA	NA	NA	NA	NA	NA	NA
cg18461093	NA	NA	NA	NA	NA	NA	NA	NA	NA	NA
cg18474718	NA	NA	NA	NA	NA	NA	NA	NA	NA	NA
cg18494563	NA	NA	NA	NA	NA	NA	NA	NA	NA	NA
cg18516241	NA	NA	NA	NA	NA	NA	NA	NA	NA	NA
cg18522822	NA	NA	NA	NA	NA	NA	NA	NA	NA	NA
cg18528124	NA	NA	NA	NA	NA	NA	NA	NA	NA	NA
cg18545561	0.835886548613904	0.496333143856712	0.332853227948074	0.847467720464043	0.779988885314252	0.195121880991771	0.822707675496704	0.669863080081096	0.188033618735935	0.835377220358145
cg18569952	NA	NA	NA	NA	NA	NA	NA	NA	NA	NA
cg18604215	NA	NA	NA	NA	NA	NA	NA	NA	NA	NA
cg18623351	NA	NA	NA	NA	NA	NA	NA	NA	NA	NA
cg18625258	NA	NA	NA	NA	NA	NA	NA	NA	NA	NA
cg18631513	NA	NA	NA	NA	NA	NA	NA	NA	NA	NA
cg18637291	NA	NA	NA	NA	NA	NA	NA	NA	NA	NA
cg18690712	NA	NA	NA	NA	NA	NA	NA	NA	NA	NA
cg18738114	NA	NA	NA	NA	NA	NA	NA	NA	NA	NA
cg18771118	NA	NA	NA	NA	NA	NA	NA	NA	NA	NA
cg18793886	NA	NA	NA	NA	NA	NA	NA	NA	NA	NA
cg18802268	0.893164976803404	0.631503330277255	0.704798830444788	0.601555392637195	0.890844549687736	0.33628650290037	0.858162056940842	0.781263786135466	0.29121040664653	0.884190356684386
cg18817246	NA	NA	NA	NA	NA	NA	NA	NA	NA	NA
cg18824501	NA	NA	NA	NA	NA	NA	NA	NA	NA	NA
cg18879198	0.862555442088894	0.343701657464859	0.315612549445712	0.203278431482977	0.365855678736354	0.358970066106249	0.690836965090875	0.602445235746696	0.216522068737006	0.838100188657213
cg18917270	NA	NA	NA	NA	NA	NA	NA	NA	NA	NA
cg18918365	NA	NA	NA	NA	NA	NA	NA	NA	NA	NA
cg18920490	NA	NA	NA	NA	NA	NA	NA	NA	NA	NA
cg19007523	NA	NA	NA	NA	NA	NA	NA	NA	NA	NA
cg19066691	NA	NA	NA	NA	NA	NA	NA	NA	NA	NA
cg19071460	NA	NA	NA	NA	NA	NA	NA	NA	NA	NA
cg19075506	NA	NA	NA	NA	NA	NA	NA	NA	NA	NA
cg19112359	NA	NA	NA	NA	NA	NA	NA	NA	NA	NA
cg19182919	NA	NA	NA	NA	NA	NA	NA	NA	NA	NA
cg19193943	NA	NA	NA	NA	NA	NA	NA	NA	NA	NA
cg19240584	NA	NA	NA	NA	NA	NA	NA	NA	NA	NA
cg19263575	NA	NA	NA	NA	NA	NA	NA	NA	NA	NA
cg19265948	NA	NA	NA	NA	NA	NA	NA	NA	NA	NA
cg19316897	NA	NA	NA	NA	NA	NA	NA	NA	NA	NA
cg19444390	NA	NA	NA	NA	NA	NA	NA	NA	NA	NA
cg19457121	NA	NA	NA	NA	NA	NA	NA	NA	NA	NA
cg19493162	NA	NA	NA	NA	NA	NA	NA	NA	NA	NA
cg19502207	0.188344892187015	0.298132957960105	0.350427663372637	0.220610735647558	0.143797872757611	0.146688016580223	0.0790791079617409	0.166600833275604	0.621942826823475	0.116211132198688
cg19513514	NA	NA	NA	NA	NA	NA	NA	NA	NA	NA
cg19521438	NA	NA	NA	NA	NA	NA	NA	NA	NA	NA
cg19532617	NA	NA	NA	NA	NA	NA	NA	NA	NA	NA
cg19563410	NA	NA	NA	NA	NA	NA	NA	NA	NA	NA
cg19565241	NA	NA	NA	NA	NA	NA	NA	NA	NA	NA
cg19605592	NA	NA	NA	NA	NA	NA	NA	NA	NA	NA
cg19645839	NA	NA	NA	NA	NA	NA	NA	NA	NA	NA
cg19655704	0.925331227616888	0.956774965129323	0.917139740814107	0.948452242478369	0.947851257446006	0.92702336766127	0.938499128827345	0.90008838013764	0.899841704554248	0.943379747910872
cg19665882	NA	NA	NA	NA	NA	NA	NA	NA	NA	NA
cg19674688	NA	NA	NA	NA	NA	NA	NA	NA	NA	NA
cg19677184	NA	NA	NA	NA	NA	NA	NA	NA	NA	NA
cg19677830	NA	NA	NA	NA	NA	NA	NA	NA	NA	NA
cg19716125	NA	NA	NA	NA	NA	NA	NA	NA	NA	NA
cg19718662	0.92192830412528	0.186909463763003	0.267539771214591	0.138714646554444	0.131155583883201	0.898394573986627	0.121110179924104	0.066386204620194	0.901357302677362	0.855750504913274
cg19761060	NA	NA	NA	NA	NA	NA	NA	NA	NA	NA
cg19761271	NA	NA	NA	NA	NA	NA	NA	NA	NA	NA
cg19785312	NA	NA	NA	NA	NA	NA	NA	NA	NA	NA
cg19789336	NA	NA	NA	NA	NA	NA	NA	NA	NA	NA
cg19840093	NA	NA	NA	NA	NA	NA	NA	NA	NA	NA
cg19863964	NA	NA	NA	NA	NA	NA	NA	NA	NA	NA
cg19883843	NA	NA	NA	NA	NA	NA	NA	NA	NA	NA
cg19887883	0.945417369113747	0.790264190710984	0.865745186145763	0.925569742811137	0.940531564870102	0.93078345931962	0.863529384342947	0.947541453933414	0.143955881078066	0.908847435772546
cg19925178	NA	NA	NA	NA	NA	NA	NA	NA	NA	NA
cg19929302	NA	NA	NA	NA	NA	NA	NA	NA	NA	NA
cg19950846	NA	NA	NA	NA	NA	NA	NA	NA	NA	NA
cg19979222	NA	NA	NA	NA	NA	NA	NA	NA	NA	NA
cg19988798	NA	NA	NA	NA	NA	NA	NA	NA	NA	NA
cg20006652	NA	NA	NA	NA	NA	NA	NA	NA	NA	NA
cg20010076	NA	NA	NA	NA	NA	NA	NA	NA	NA	NA
cg20019560	NA	NA	NA	NA	NA	NA	NA	NA	NA	NA
cg20029324	NA	NA	NA	NA	NA	NA	NA	NA	NA	NA
cg20052431	NA	NA	NA	NA	NA	NA	NA	NA	NA	NA
cg20056341	NA	NA	NA	NA	NA	NA	NA	NA	NA	NA
cg20149922	NA	NA	NA	NA	NA	NA	NA	NA	NA	NA
cg20150443	NA	NA	NA	NA	NA	NA	NA	NA	NA	NA
cg20165732	NA	NA	NA	NA	NA	NA	NA	NA	NA	NA
cg20200361	NA	NA	NA	NA	NA	NA	NA	NA	NA	NA
cg20246277	0.951174526161181	0.407035233013874	0.323722512580067	0.933806936141558	0.933721516358137	0.923492582271978	0.893048816585186	0.928038967735414	0.16000865407064	0.9259980909276
cg20262540	NA	NA	NA	NA	NA	NA	NA	NA	NA	NA
cg20284705	NA	NA	NA	NA	NA	NA	NA	NA	NA	NA
cg20331613	NA	NA	NA	NA	NA	NA	NA	NA	NA	NA
cg20364241	NA	NA	NA	NA	NA	NA	NA	NA	NA	NA
cg20365687	0.729229575302067	0.869190326220893	0.452199271285297	0.181953943679102	0.533290957135357	0.425378069020926	0.571104350603054	0.487651996083217	0.324376779281323	0.832755581840637
cg20386784	NA	NA	NA	NA	NA	NA	NA	NA	NA	NA
cg20449764	NA	NA	NA	NA	NA	NA	NA	NA	NA	NA
cg20453820	0.640837242788508	0.29976824631269	0.39251336220138	0.129501199113201	0.202225056128988	0.245837463722227	0.0507623487706029	0.0521264686242827	0.144954966626129	0.533957183691221
cg20465830	NA	NA	NA	NA	NA	NA	NA	NA	NA	NA
cg20492230	NA	NA	NA	NA	NA	NA	NA	NA	NA	NA
cg20494576	NA	NA	NA	NA	NA	NA	NA	NA	NA	NA
cg20494682	NA	NA	NA	NA	NA	NA	NA	NA	NA	NA
cg20529334	NA	NA	NA	NA	NA	NA	NA	NA	NA	NA
cg20602628	NA	NA	NA	NA	NA	NA	NA	NA	NA	NA
cg20621459	NA	NA	NA	NA	NA	NA	NA	NA	NA	NA
cg20637223	0.9597796060554	0.956991667603566	0.929430446787517	0.920035916451432	0.9400640334359	0.944465856094977	0.963502842017594	0.949713378877738	0.947477445459989	0.950032797928954
cg20643159	0.955056290840254	0.937579427365357	0.514234419786013	0.947228916902536	0.86876318127485	0.910350831689448	0.951170259928495	0.94830138150652	0.907247313069634	0.936011022691309
cg20664109	NA	NA	NA	NA	NA	NA	NA	NA	NA	NA
cg20689978	0.832167290777305	0.5999083634042	0.539799391501938	0.563193999246644	0.303823451227496	0.537328999873115	0.682935098795835	0.519726939940411	0.506257678599027	0.859413395167644
cg20706620	NA	NA	NA	NA	NA	NA	NA	NA	NA	NA
cg20747789	NA	NA	NA	NA	NA	NA	NA	NA	NA	NA
cg20756175	NA	NA	NA	NA	NA	NA	NA	NA	NA	NA
cg20786740	NA	NA	NA	NA	NA	NA	NA	NA	NA	NA
cg20803423	NA	NA	NA	NA	NA	NA	NA	NA	NA	NA
cg20808224	NA	NA	NA	NA	NA	NA	NA	NA	NA	NA
cg20823181	NA	NA	NA	NA	NA	NA	NA	NA	NA	NA
cg20834966	NA	NA	NA	NA	NA	NA	NA	NA	NA	NA
cg20836993	NA	NA	NA	NA	NA	NA	NA	NA	NA	NA
cg20854374	0.245995967285421	0.702955664154016	0.360207304201521	0.949721947465862	0.30766431607115	0.317730720147589	0.774203064477223	0.914155299222473	0.23497023816273	0.858424582660726
cg20919914	0.834144320660819	0.775741692866715	0.739878485237191	0.792209511013114	0.769566562815363	0.72291185777213	0.767707700371249	0.762020589072485	0.680154992879625	0.865517443004133
cg20955027	0.901493012686247	0.922317058663789	0.388555309187199	0.565771808866948	0.176292431388487	0.274895601458407	0.129066510061067	0.0921820133279438	0.187962228133127	0.944291550483549
cg20970685	NA	NA	NA	NA	NA	NA	NA	NA	NA	NA
cg20979307	0.628935071193841	0.74576581287424	0.545838460225727	0.673943815856349	0.492779711513525	0.47461450129169	0.49767480182577	0.544395386997134	0.525107510056513	0.766078333365158
cg20994227	NA	NA	NA	NA	NA	NA	NA	NA	NA	NA
cg21004684	NA	NA	NA	NA	NA	NA	NA	NA	NA	NA
cg21046959	NA	NA	NA	NA	NA	NA	NA	NA	NA	NA
cg21049302	0.938340902761808	0.753368053154369	0.846202343653072	0.896954786198778	0.886833093585615	0.830671915556793	0.909251711919891	0.865447019880126	0.931938553103653	0.90797182583087
cg21053644	NA	NA	NA	NA	NA	NA	NA	NA	NA	NA
cg21071940	NA	NA	NA	NA	NA	NA	NA	NA	NA	NA
cg21078247	NA	NA	NA	NA	NA	NA	NA	NA	NA	NA
cg21101714	NA	NA	NA	NA	NA	NA	NA	NA	NA	NA
cg21125095	NA	NA	NA	NA	NA	NA	NA	NA	NA	NA
cg21126306	NA	NA	NA	NA	NA	NA	NA	NA	NA	NA
cg21160516	NA	NA	NA	NA	NA	NA	NA	NA	NA	NA
cg21169995	NA	NA	NA	NA	NA	NA	NA	NA	NA	NA
cg21179412	NA	NA	NA	NA	NA	NA	NA	NA	NA	NA
cg21203984	NA	NA	NA	NA	NA	NA	NA	NA	NA	NA
cg21244845	NA	NA	NA	NA	NA	NA	NA	NA	NA	NA
cg21267836	NA	NA	NA	NA	NA	NA	NA	NA	NA	NA
cg21336434	0.940251555188881	0.282183884695017	0.464574341364344	0.130993610141896	0.780262282018201	0.257042265949392	0.261135588757975	0.133172451219086	0.103584026286842	0.93162095083816
cg21358429	NA	NA	NA	NA	NA	NA	NA	NA	NA	NA
cg21397124	NA	NA	NA	NA	NA	NA	NA	NA	NA	NA
cg21414905	0.913939857851816	0.827934358202719	0.374620893369966	0.907228676166886	0.916790926892788	0.904762199732171	0.91311052031233	0.871965418497708	0.869026074189864	0.886962184707737
cg21429544	NA	NA	NA	NA	NA	NA	NA	NA	NA	NA
cg21443763	0.941835583235863	0.900224185021611	0.477835636183576	0.914269695928413	0.930890637528929	0.88193780379661	0.941282282084522	0.966928481926242	0.893582447460769	0.919110128066861
cg21469820	NA	NA	NA	NA	NA	NA	NA	NA	NA	NA
cg21483702	NA	NA	NA	NA	NA	NA	NA	NA	NA	NA
cg21502695	NA	NA	NA	NA	NA	NA	NA	NA	NA	NA
cg21512370	0.645551115863783	0.586168220773109	0.562102890077316	0.574356925700416	0.665759167402455	0.559789715937284	0.602744656162378	0.619040022513493	0.474138090327742	0.588955904139511
cg21532334	NA	NA	NA	NA	NA	NA	NA	NA	NA	NA
cg21579959	NA	NA	NA	NA	NA	NA	NA	NA	NA	NA
cg21583727	NA	NA	NA	NA	NA	NA	NA	NA	NA	NA
cg21593015	0.385071772421018	0.777460015576866	0.864999027577194	0.18787401833777	0.182961567062408	0.627314485036564	0.49240434391774	0.133025106691637	0.948443400956685	0.631303912557105
cg21606086	NA	NA	NA	NA	NA	NA	NA	NA	NA	NA
cg21615915	0.938525740113439	0.887938508405843	0.750013718153538	0.109821187662383	0.870231747529413	0.169265285611452	0.939284029922322	0.857044261770207	0.140793918427992	0.914422374107706
cg21618529	NA	NA	NA	NA	NA	NA	NA	NA	NA	NA
cg21618784	NA	NA	NA	NA	NA	NA	NA	NA	NA	NA
cg21647407	NA	NA	NA	NA	NA	NA	NA	NA	NA	NA
cg21690921	NA	NA	NA	NA	NA	NA	NA	NA	NA	NA
cg21694626	NA	NA	NA	NA	NA	NA	NA	NA	NA	NA
cg21767461	NA	NA	NA	NA	NA	NA	NA	NA	NA	NA
cg21797973	NA	NA	NA	NA	NA	NA	NA	NA	NA	NA
cg21801085	NA	NA	NA	NA	NA	NA	NA	NA	NA	NA
cg21803141	NA	NA	NA	NA	NA	NA	NA	NA	NA	NA
cg21835298	NA	NA	NA	NA	NA	NA	NA	NA	NA	NA
cg21840672	NA	NA	NA	NA	NA	NA	NA	NA	NA	NA
cg21844726	NA	NA	NA	NA	NA	NA	NA	NA	NA	NA
cg21934337	NA	NA	NA	NA	NA	NA	NA	NA	NA	NA
cg22001073	NA	NA	NA	NA	NA	NA	NA	NA	NA	NA
cg22042157	NA	NA	NA	NA	NA	NA	NA	NA	NA	NA
cg22064390	0.952373902346135	0.963624296093304	0.959956781157892	0.930404641259694	0.937423352919293	0.959725767580108	0.959047556028442	0.965628214966635	0.953979298297312	0.964132208819988
cg22073507	NA	NA	NA	NA	NA	NA	NA	NA	NA	NA
cg22117193	NA	NA	NA	NA	NA	NA	NA	NA	NA	NA
cg22127299	NA	NA	NA	NA	NA	NA	NA	NA	NA	NA
cg22134372	NA	NA	NA	NA	NA	NA	NA	NA	NA	NA
cg22149095	NA	NA	NA	NA	NA	NA	NA	NA	NA	NA
cg22168674	NA	NA	NA	NA	NA	NA	NA	NA	NA	NA
cg22170222	NA	NA	NA	NA	NA	NA	NA	NA	NA	NA
cg22233425	NA	NA	0.869195533086635	NA	NA	NA	NA	NA	NA	NA
cg22246565	NA	NA	NA	NA	NA	NA	NA	NA	NA	NA
cg22254464	0.146272783807693	0.383692372892526	0.112885745780007	0.0930882795631947	0.142540162486871	0.192419322128939	0.394867874378072	0.171635844681057	0.0939844611309086	0.841171331788402
cg22329153	0.807144355094007	0.931877308245925	0.872583188638513	0.865466624479573	0.64989305502749	0.891197908302614	0.819474723839508	0.929837408452209	0.921107504198154	0.893943714929888
cg22378095	NA	NA	NA	NA	NA	NA	NA	NA	NA	NA
cg22384010	NA	NA	NA	NA	NA	NA	NA	NA	NA	NA
cg22386008	NA	NA	0.172426059957256	NA	NA	NA	NA	0.540957412435175	NA	0.605744150781925
cg22459078	NA	NA	NA	NA	NA	NA	NA	NA	NA	NA
cg22464692	0.937847226859258	0.628245462855853	0.56714402149784	0.936849099726752	0.929337967824359	0.846469961136902	0.789573833978124	0.610324175369955	0.580874982313128	0.901204548998164
cg22466850	NA	NA	NA	NA	NA	NA	NA	NA	NA	NA
cg22482142	NA	NA	NA	NA	NA	NA	NA	NA	NA	NA
cg22529427	NA	NA	NA	NA	NA	NA	NA	NA	NA	NA
cg22535679	NA	NA	NA	NA	NA	NA	NA	NA	NA	NA
cg22591006	NA	NA	NA	NA	NA	NA	NA	NA	NA	NA
cg22592346	NA	NA	NA	NA	NA	NA	NA	NA	NA	NA
cg22634105	NA	NA	NA	NA	NA	NA	NA	NA	NA	NA
cg22661775	NA	NA	NA	NA	NA	NA	NA	NA	NA	NA
cg22754489	NA	NA	NA	NA	NA	NA	NA	NA	NA	NA
cg22772235	NA	NA	NA	NA	NA	NA	NA	NA	NA	NA
cg22871659	NA	NA	NA	NA	NA	NA	NA	NA	NA	NA
cg22875855	NA	NA	NA	NA	NA	NA	NA	NA	NA	NA
cg22897634	NA	NA	NA	NA	NA	NA	NA	NA	NA	NA
cg22933538	NA	NA	NA	NA	NA	NA	NA	NA	NA	NA
cg22963191	NA	NA	NA	NA	NA	NA	NA	NA	NA	NA
cg22983641	NA	NA	NA	NA	NA	NA	NA	NA	NA	NA
cg23003872	NA	NA	NA	NA	NA	NA	NA	NA	NA	NA
cg23014672	NA	NA	NA	NA	NA	NA	NA	NA	NA	NA
cg23081488	NA	NA	NA	NA	NA	NA	NA	NA	NA	NA
cg23095043	NA	NA	NA	NA	NA	NA	NA	NA	NA	NA
cg23096272	NA	NA	NA	NA	NA	NA	NA	NA	NA	NA
cg23151747	NA	NA	NA	NA	NA	NA	NA	NA	NA	NA
cg23167863	0.94280772018136	0.966134146812807	0.924770594557595	0.96656750920171	0.963813313385184	0.910488487386708	0.959699747790816	0.923610005918725	0.898014182368004	0.926059468177091
cg23228779	NA	NA	NA	NA	NA	NA	NA	NA	NA	NA
cg23251678	0.958700244662057	0.950256692862735	0.952521023827686	0.969492338109324	0.95908647138932	0.966583485354523	0.950188729924904	0.961808595283135	0.970066046841781	0.949288675142923
cg23261820	NA	NA	NA	NA	NA	NA	NA	NA	NA	NA
cg23267554	NA	NA	NA	NA	NA	NA	NA	NA	NA	NA
cg23278018	0.867016451475845	0.813532729519544	NA	0.858697847569151	NA	NA	0.834061802808249	NA	NA	0.835881884752775
cg23300865	NA	NA	NA	NA	NA	NA	NA	NA	NA	NA
cg23332005	0.803174614433242	0.845542123439179	0.843797724789947	NA	0.889297990094239	NA	0.735769040183609	0.888544838545921	NA	0.914937674916942
cg23334804	NA	NA	NA	NA	NA	NA	NA	NA	NA	NA
cg23336892	NA	NA	NA	NA	NA	NA	NA	NA	NA	NA
cg23338752	NA	NA	NA	NA	NA	NA	NA	NA	NA	NA
cg23406815	NA	NA	NA	NA	NA	NA	NA	NA	NA	NA
cg23413074	NA	NA	NA	NA	NA	NA	NA	NA	NA	NA
cg23414149	NA	NA	NA	NA	NA	NA	NA	NA	NA	NA
cg23430295	0.451580392832111	0.828001274302799	0.695825424107372	0.808492416316752	0.445586799478101	0.457384919256637	0.373866484856576	0.367699178308266	0.715745769475857	0.407670105756803
cg23493553	0.895072110552416	0.939487409799578	0.927567668979264	0.919509214452526	0.947441908974919	0.952952145059277	0.93712637213286	0.954876147382973	0.912846263582718	0.946712978439904
cg23516370	0.952855416393113	0.419813621573942	0.393236953795734	0.330350175410623	0.180552061302705	0.26215323126907	0.628962063264544	0.46319046856527	0.216240092940202	0.918074944914531
cg23531154	NA	NA	NA	NA	NA	NA	NA	NA	NA	NA
cg23542414	NA	NA	NA	NA	NA	NA	NA	NA	NA	NA
cg23545793	0.948913680099421	0.953365383545893	0.870060546437063	0.907236217830124	0.885529654280554	0.929830891362464	0.954543424539282	0.928823025217557	0.926771025477237	0.940994502047573
cg23614652	NA	NA	NA	NA	NA	NA	NA	NA	NA	NA
cg23642334	NA	NA	NA	NA	NA	NA	NA	NA	NA	NA
cg23652725	0.929340812556838	0.934276868142432	0.941903659749584	0.935519989077211	0.951135246532392	0.943846528532975	0.942393719841507	0.952936067538271	0.87070571408542	0.932417531514034
cg23685885	NA	NA	NA	NA	NA	NA	NA	NA	NA	NA
cg23726945	NA	NA	NA	NA	NA	NA	NA	NA	NA	NA
cg23816019	NA	NA	NA	NA	NA	NA	NA	NA	NA	NA
cg23860325	0.886618738150929	0.196139699781515	0.263016898283914	0.127753747602028	0.595900983838678	0.1794760183493	0.259961878726104	0.105384928136182	0.103887693557293	0.835920331940389
cg23861101	NA	NA	NA	NA	NA	NA	NA	NA	NA	NA
cg24003649	NA	NA	NA	NA	NA	NA	NA	NA	NA	NA
cg24012683	0.152541093223007	0.622636183492838	0.464624245195198	0.2729635936814	0.252775290827014	0.434454100403889	0.0984077875041914	0.143510290836555	0.685099977661491	0.52733002813839
cg24026092	NA	NA	NA	NA	NA	NA	NA	NA	NA	NA
cg24027342	0.625368036819549	0.611485141746436	0.502910734653988	0.614559061479942	0.589688962135336	0.486487514352268	0.579366379122618	0.620215047514756	0.494560677648192	0.682854901685849
cg24048209	NA	NA	NA	NA	NA	NA	NA	NA	NA	NA
cg24056757	0.770947858669818	0.945827516422241	0.752307018546849	0.942298435045755	0.915992839122773	0.934359713292356	0.941713099263023	0.938822933217601	0.946775879825232	0.954394933414612
cg24063594	NA	NA	NA	NA	NA	NA	NA	NA	NA	NA
cg24073060	NA	NA	NA	NA	NA	NA	NA	NA	NA	NA
cg24094412	NA	NA	NA	NA	NA	NA	NA	NA	NA	NA
cg24162965	NA	NA	NA	NA	NA	NA	NA	NA	NA	NA
cg24170212	NA	NA	NA	NA	NA	NA	NA	NA	NA	NA
cg24176601	0.936901376469867	0.968405993208051	0.895724852074049	0.943813409857611	0.930291212391329	0.9090118517931	0.942666459445621	0.943015681541509	0.959121166524948	0.943294658587007
cg24217980	NA	NA	NA	NA	NA	NA	NA	NA	NA	NA
cg24251441	0.93945948602258	0.95027454738037	0.925509896621612	0.958363622486656	0.926081635271489	0.92373645103418	0.954209853997159	0.932273628787087	0.938548367288059	0.950463229042884
cg24279701	NA	NA	NA	NA	NA	NA	NA	NA	NA	NA
cg24284859	0.939026782786368	0.914281558170612	0.867502577528139	0.948972366413603	0.93715951325617	0.946166286334072	0.913295171690239	0.920472580481853	0.940505227710117	0.901829452005152
cg24300962	NA	NA	NA	NA	NA	NA	NA	NA	NA	NA
cg24320065	NA	NA	NA	NA	NA	NA	NA	NA	NA	NA
cg24331317	NA	NA	NA	NA	NA	NA	NA	NA	NA	NA
cg24348466	NA	NA	NA	NA	NA	NA	NA	NA	NA	NA
cg24348786	NA	NA	NA	NA	NA	NA	NA	NA	NA	NA
cg24369233	NA	NA	NA	NA	NA	NA	NA	NA	NA	NA
cg24399529	0.11798291758994	0.151837039871517	0.144950501050582	0.0944801651513221	0.103778917480901	0.0835676057843591	0.0681352985858213	0.102659698535854	0.0923192885489015	0.133260662542043
cg24425968	NA	NA	NA	NA	NA	NA	NA	NA	NA	NA
cg24445752	NA	NA	NA	NA	NA	NA	NA	NA	NA	NA
cg24493925	NA	NA	NA	NA	NA	NA	NA	NA	NA	NA
cg24508547	NA	NA	NA	NA	NA	NA	NA	NA	NA	NA
cg24509591	NA	NA	NA	NA	NA	NA	NA	NA	NA	NA
cg24512770	NA	NA	NA	NA	NA	NA	NA	NA	NA	NA
cg24524735	NA	NA	NA	NA	NA	NA	NA	NA	NA	NA
cg24531568	NA	NA	NA	NA	NA	NA	NA	NA	NA	NA
cg24536474	NA	NA	NA	NA	NA	NA	NA	NA	NA	NA
cg24537973	0.832974166958479	0.857003379114739	0.30633951172821	0.778131140936756	0.850496568956548	0.556102451160416	0.844368849714648	0.878942997247367	0.427856802144217	0.872063879270819
cg24546349	0.767969271505993	0.660809661270636	0.604888224056561	0.506431222411417	0.195990967452069	0.28231540564949	0.135874365006497	0.0873012918653397	0.233118480641937	0.128250188666558
cg24575638	NA	NA	NA	NA	NA	NA	NA	NA	NA	NA
cg24581736	NA	NA	NA	NA	NA	NA	NA	NA	NA	NA
cg24619998	0.914707882367247	0.879863657778478	0.878889255559837	0.911186185491373	0.931365037568891	0.924054286997708	0.918687934453263	0.928461645901412	0.877151563746345	0.922999076920916
cg24620463	NA	NA	NA	NA	NA	NA	NA	NA	NA	NA
cg24651708	NA	NA	NA	NA	NA	NA	NA	NA	NA	NA
cg24651790	NA	NA	NA	NA	NA	NA	NA	NA	NA	NA
cg24686187	NA	NA	NA	NA	NA	NA	NA	NA	NA	NA
cg24702069	0.277091543716742	0.0576536862986593	0.0702172993664477	0.0694659707453035	0.0442497428208157	0.121665988813592	0.0613386288974537	0.0693187181951591	0.162864142876456	0.213070579899117
cg24704082	NA	NA	NA	NA	NA	NA	NA	NA	NA	NA
cg24707982	NA	NA	NA	NA	NA	NA	NA	NA	NA	NA
cg24732062	NA	NA	NA	NA	NA	NA	NA	NA	NA	NA
cg24808545	NA	NA	NA	NA	NA	NA	NA	NA	NA	NA
cg24871371	NA	NA	NA	NA	NA	NA	NA	NA	NA	NA
cg24874998	0.579755247090239	0.256739331857093	0.178132672653662	0.150525538347064	0.0903664020460108	0.280650842312306	0.126454279214331	0.164057560554133	0.0948475073755781	0.746001383712003
cg24902362	NA	NA	NA	NA	NA	NA	NA	NA	NA	NA
cg24940155	0.413302663766733	0.105961746184129	0.211183124788096	0.124904135519104	0.163990018300766	0.219848238132427	0.337058352873152	0.0861729591238111	0.178986660408947	0.417508792267136
cg24967487	0.328604414425257	0.281231922396753	0.259090753036587	0.112981298567504	0.13121735968469	0.189908061764406	0.673387297383025	0.0826347986874451	0.120295907078062	0.718233134249137
cg25036886	NA	NA	NA	NA	NA	NA	NA	NA	NA	NA
cg25039837	NA	NA	NA	NA	NA	NA	NA	NA	NA	NA
cg25045882	NA	NA	NA	NA	NA	NA	NA	NA	NA	NA
cg25047058	NA	NA	NA	NA	NA	NA	NA	NA	NA	NA
cg25083596	NA	NA	NA	NA	NA	NA	NA	NA	NA	NA
cg25192591	NA	NA	NA	NA	NA	NA	NA	NA	NA	NA
cg25208892	0.919949359936619	0.92024569755044	0.916562216194093	0.91262234632276	0.87228217808367	0.914527437666851	0.946980897724315	0.945446405572993	0.899749467782745	0.952374143588844
cg25209294	NA	NA	NA	NA	NA	NA	NA	NA	NA	NA
cg25217895	NA	NA	NA	NA	NA	NA	NA	NA	NA	NA
cg25245569	0.952411656554932	0.971319268880072	0.876580056694629	0.954689574383801	0.945037104153702	0.962655942407117	0.980966110724928	0.963288258707024	0.980235967982837	0.970874040046918
cg25265769	NA	NA	NA	NA	NA	NA	NA	NA	NA	NA
cg25348323	0.286871610461987	0.357565449469497	0.287515210907153	0.242287820176526	0.239506187742229	0.377044669182827	0.52007056100472	0.171730914158524	0.243477925727077	0.353662543732931
cg25426892	NA	NA	NA	NA	NA	NA	NA	NA	NA	NA
cg25456633	NA	NA	NA	NA	NA	NA	NA	NA	NA	NA
cg25504143	NA	NA	NA	NA	NA	NA	NA	NA	NA	NA
cg25540004	NA	NA	NA	NA	NA	NA	NA	NA	NA	NA
cg25543190	NA	NA	NA	NA	NA	NA	NA	NA	NA	NA
cg25550564	NA	NA	NA	NA	NA	NA	NA	NA	NA	NA
cg25590811	0.488607592042615	0.90867991483697	0.477659660096963	0.591354826137886	0.91745597045012	0.648587322640164	0.909673826974172	0.920000067011977	0.899287602731078	0.900185568591822
cg25598062	NA	NA	NA	NA	NA	NA	NA	NA	NA	NA
cg25605360	NA	NA	NA	NA	NA	NA	NA	NA	NA	NA
cg25609183	0.241345213849832	0.63703201910518	0.333059003662576	0.778298823902694	0.367526060045539	0.490335476504502	0.385517175326819	0.154382874031447	0.331272790666008	0.318478282073031
cg25616771	NA	NA	NA	NA	NA	NA	NA	NA	NA	NA
cg25626264	NA	NA	NA	NA	NA	NA	NA	NA	NA	NA
cg25631436	NA	NA	NA	NA	NA	NA	NA	NA	NA	NA
cg25645338	0.938976191597386	0.926503554516716	0.895433344257601	0.933646903170919	0.918191038323189	0.915380944658965	0.924425322015877	0.882782608166939	0.908522779353191	0.925258832231782
cg25658612	NA	NA	NA	NA	NA	NA	NA	NA	NA	NA
cg25673945	NA	NA	NA	NA	NA	NA	NA	NA	NA	NA
cg25728543	NA	NA	NA	NA	NA	NA	NA	NA	NA	NA
cg25745201	NA	NA	NA	NA	NA	NA	NA	NA	NA	NA
cg25765819	0.93429468435064	0.937830301740226	0.799068136143527	0.947506962294121	0.940367556428492	0.934819490388094	0.879781327196627	0.926225657469491	0.679420564694452	0.940983857693901
cg25780806	NA	NA	NA	NA	NA	NA	NA	NA	NA	NA
cg25824209	NA	NA	NA	NA	NA	NA	NA	NA	NA	NA
cg25904166	NA	NA	NA	NA	NA	NA	NA	NA	NA	NA
cg25949955	NA	NA	NA	NA	NA	NA	NA	NA	NA	NA
cg25962639	NA	NA	NA	NA	NA	NA	NA	NA	NA	NA
cg26007766	NA	NA	NA	NA	NA	NA	NA	NA	NA	NA
cg26024202	NA	NA	NA	NA	NA	NA	NA	NA	NA	NA
cg26070081	NA	NA	NA	NA	NA	NA	NA	NA	NA	NA
cg26072561	0.93328190509952	0.88945065817208	0.840944657498249	0.91846874043264	0.934015063133094	0.820170178080869	0.952580187245197	0.95006376867859	0.937437246848091	0.951499331802062
cg26075252	NA	NA	NA	NA	NA	NA	NA	NA	NA	NA
cg26076236	NA	NA	NA	NA	NA	NA	NA	NA	NA	NA
cg26089220	NA	NA	NA	NA	NA	NA	NA	NA	NA	NA
cg26103331	NA	NA	NA	NA	NA	NA	NA	NA	NA	NA
cg26105731	NA	NA	NA	NA	NA	NA	NA	NA	NA	NA
cg26106149	NA	NA	NA	NA	NA	NA	NA	NA	NA	NA
cg26131114	NA	NA	NA	NA	NA	NA	NA	NA	NA	NA
cg26131927	NA	NA	NA	NA	NA	NA	NA	NA	NA	NA
cg26133909	0.873623739717526	0.846773239940501	0.834175006263773	0.884172934961141	0.890496506543387	NA	0.858958136824408	NA	NA	NA
cg26139168	NA	NA	NA	NA	NA	NA	NA	NA	NA	NA
cg26141807	NA	NA	NA	NA	NA	NA	NA	NA	NA	NA
cg26143153	NA	NA	NA	NA	NA	NA	NA	NA	NA	NA
cg26218805	NA	NA	NA	NA	NA	NA	NA	NA	NA	NA
cg26243679	NA	NA	NA	NA	NA	NA	NA	NA	NA	NA
cg26249038	NA	NA	NA	NA	NA	NA	NA	NA	NA	NA
cg26256420	NA	NA	NA	NA	NA	NA	NA	NA	NA	NA
cg26283801	NA	NA	NA	NA	NA	NA	NA	NA	NA	NA
cg26316511	NA	NA	NA	NA	NA	NA	NA	NA	NA	NA
cg26322995	NA	NA	NA	NA	NA	NA	NA	NA	NA	NA
cg26341749	NA	NA	NA	NA	NA	NA	NA	NA	NA	NA
cg26352073	NA	NA	NA	NA	NA	NA	NA	NA	NA	NA
cg26424817	NA	NA	NA	NA	NA	NA	NA	NA	NA	NA
cg26429763	NA	NA	NA	NA	NA	NA	NA	NA	NA	NA
cg26442509	NA	NA	NA	NA	NA	NA	NA	0.118542473805423	0.866478131016745	NA
cg26501230	NA	NA	NA	NA	NA	NA	NA	NA	NA	NA
cg26523866	0.910679501425724	NA	NA	0.865351801080062	NA	NA	NA	NA	NA	NA
cg26542912	NA	NA	NA	NA	NA	NA	NA	NA	NA	NA
cg26544028	NA	NA	NA	NA	NA	NA	NA	NA	NA	NA
cg26558363	NA	NA	NA	NA	NA	NA	NA	NA	NA	NA
cg26564072	NA	NA	NA	NA	NA	NA	NA	NA	NA	NA
cg26572710	0.898483123835851	0.755435277751519	NA	NA	NA	NA	0.896402470615068	0.704101970140268	NA	0.859322973847832
cg26585590	0.926200220175339	0.922039691944293	0.658388912739205	0.933838792853779	0.938592706322942	0.942525711612212	0.943811881465095	0.952072622205226	0.75853566596396	0.927024236371369
cg26592560	NA	NA	NA	NA	NA	NA	NA	NA	NA	NA
cg26612736	NA	NA	NA	NA	NA	NA	NA	NA	NA	NA
cg26620682	NA	NA	NA	NA	NA	NA	NA	NA	NA	NA
cg26663742	NA	NA	NA	NA	NA	NA	NA	NA	NA	NA
cg26664737	NA	NA	NA	NA	NA	NA	NA	NA	NA	NA
cg26667585	NA	NA	NA	NA	NA	NA	NA	NA	NA	NA
cg26675620	NA	NA	NA	NA	NA	NA	NA	NA	NA	NA
cg26675905	NA	NA	NA	NA	NA	NA	NA	NA	NA	NA
cg26707887	0.847262511557759	0.888950136135006	NA	0.814740925119861	NA	0.816245226643531	0.896615645702189	NA	NA	NA
cg26758386	NA	NA	NA	NA	NA	NA	NA	NA	NA	NA
cg26763368	NA	NA	NA	NA	NA	NA	NA	NA	NA	NA
cg26786687	0.942472096547284	0.921135728007901	0.906895052207928	0.908573019104597	0.878935425455007	0.919741824554847	0.90565184411616	0.929851437867875	0.929854198650785	0.923441226899841
cg26797811	NA	NA	NA	NA	NA	NA	NA	NA	NA	NA
cg26841157	0.929331003408646	0.776264080411173	0.627267426535305	0.959231066322506	0.951001031476165	0.91898900671072	0.958809857165511	0.950578001647934	0.350260218160998	0.948117192848461
cg26846076	NA	NA	NA	NA	NA	NA	NA	NA	NA	NA
cg26870594	NA	NA	NA	NA	NA	NA	NA	NA	NA	NA
cg26872780	NA	NA	0.761936317941405	NA	NA	NA	NA	0.872178505979845	0.661638548240874	NA
cg26897236	NA	NA	NA	NA	NA	NA	NA	NA	NA	NA
cg26899591	NA	NA	NA	NA	NA	NA	NA	NA	NA	NA
cg27026390	0.610062249444807	0.859959328383396	0.350086263125163	0.875288558644418	0.182091057587367	0.280530938063435	0.227056589129803	0.0599890693979047	0.255698789266404	0.967271517978987
cg27048446	NA	NA	NA	NA	NA	NA	NA	NA	NA	NA
cg27054055	NA	NA	NA	NA	NA	NA	NA	NA	NA	NA
cg27094305	NA	NA	NA	NA	NA	NA	NA	NA	NA	NA
cg27095983	NA	NA	NA	NA	NA	NA	NA	NA	NA	NA
cg27098587	NA	NA	NA	NA	NA	NA	NA	NA	NA	NA
cg27111461	NA	NA	NA	NA	NA	NA	NA	NA	NA	NA
cg27129076	NA	NA	NA	NA	NA	NA	NA	NA	NA	NA
cg27147706	NA	NA	NA	NA	NA	NA	NA	NA	NA	NA
cg27167195	NA	NA	NA	NA	NA	NA	NA	NA	NA	NA
cg27184649	0.95989339958631	0.953495974527035	0.700315505808532	0.96405768618582	0.952811931780364	0.962433229520738	0.956341200870534	0.959063391468481	0.957062655727123	0.954132846345543
cg27185511	NA	NA	NA	NA	NA	NA	NA	NA	NA	NA
cg27192418	0.924199197338618	0.698723927796288	0.884301772176838	0.881653903997699	0.931577798805573	0.393684579672769	0.803063777823216	0.909603678628248	0.237827667532421	0.921607954510132
cg27215140	NA	NA	NA	NA	NA	NA	NA	NA	NA	NA
cg27224107	NA	NA	NA	NA	NA	NA	NA	NA	NA	NA
cg27233997	NA	NA	NA	NA	NA	NA	NA	NA	NA	NA
cg27235725	NA	NA	NA	NA	NA	NA	NA	NA	NA	NA
cg27241677	NA	NA	NA	NA	NA	NA	NA	NA	NA	NA
cg27276918	0.979724217715465	0.982010609310149	0.982641425925839	0.984096755517025	0.963373379626188	0.980587574610941	0.982741381252192	0.988186936103137	0.984732321934854	0.982276044254614
cg27303211	0.9605112445632	0.123876011399377	0.132923528323933	0.64072900326873	0.410626866169833	0.202679461281016	0.903048229142634	0.254820790126641	0.0720966264597991	0.958782759511838
cg27360593	NA	NA	NA	NA	NA	NA	NA	NA	NA	NA
cg27372181	NA	NA	NA	NA	NA	NA	NA	NA	NA	NA
cg27378066	NA	NA	NA	NA	NA	NA	NA	NA	NA	NA
cg27392815	NA	NA	NA	NA	NA	NA	NA	NA	NA	NA
cg27399297	NA	NA	NA	NA	NA	NA	NA	NA	NA	NA
cg27400353	NA	NA	NA	NA	NA	NA	NA	NA	NA	NA
cg27413928	NA	NA	NA	NA	NA	NA	NA	NA	NA	NA
cg27422721	NA	NA	NA	NA	NA	NA	NA	NA	NA	NA
cg27436603	NA	NA	NA	NA	NA	NA	NA	NA	NA	NA
cg27441138	0.907215988988891	0.595450168326051	0.263472661953137	0.885299448182487	0.481442242647064	0.762881948817449	0.92714229345348	0.396622839231107	0.894597732112905	0.836225159146429
cg27476881	NA	NA	NA	NA	NA	NA	NA	NA	NA	NA
cg27493336	NA	NA	NA	NA	NA	NA	NA	NA	NA	NA
cg27496179	NA	NA	NA	NA	NA	NA	NA	NA	NA	NA
cg27530298	NA	NA	NA	NA	NA	NA	NA	NA	NA	NA
cg27562595	NA	NA	NA	NA	NA	NA	NA	NA	NA	NA
cg27574287	0.242969738483132	0.387502357969439	0.309069987032174	0.201220749634909	0.20900020324239	0.273292183508433	0.420656789330042	0.406010080513459	0.176202702058641	0.481375687143944
cg27604672	0.725079484576259	0.19619108202487	0.222073124722161	0.0797633747677995	0.108906997763781	0.175494612524448	0.127554099569695	0.0623534931028017	0.0893116363548829	0.728309087739283
cg27629311	NA	NA	NA	NA	NA	NA	NA	NA	NA	NA
ch.1.156669547F	NA	NA	NA	NA	NA	NA	NA	NA	NA	NA
ch.1.90405031F	NA	NA	NA	NA	NA	NA	NA	NA	NA	NA
ch.10.47925130F	NA	NA	NA	NA	NA	NA	NA	NA	NA	NA
ch.10.82591910R	NA	NA	NA	NA	NA	NA	NA	NA	NA	NA
ch.11.1877857R	0.0489519307711589	0.0251037483179139	0.0277621419070519	0.0246966084184458	0.0307223102194105	0.0275061738135322	0.0258083062343575	0.0333989738676522	0.0247810074269469	0.0536202591941444
ch.11.2015773F	NA	NA	NA	NA	NA	NA	NA	NA	NA	NA
ch.2.154234353F	NA	NA	NA	NA	NA	NA	NA	NA	NA	NA
ch.3.70573422F	NA	NA	NA	NA	NA	NA	NA	NA	NA	NA
ch.4.109582151R	NA	NA	NA	NA	NA	NA	NA	NA	NA	NA
ch.4.11576235F	0.0863378544740063	0.0790265210421586	0.0423709905510858	0.0559742047443682	0.0688929031115448	0.0434101997148713	0.0600897894595719	0.0836022728390047	0.0713896158211587	0.0539579558466126
ch.4.166959540F	NA	NA	NA	NA	NA	NA	NA	NA	NA	NA
ch.5.30573736R	NA	NA	0.162402425108751	NA	NA	NA	NA	NA	NA	NA
ch.7.3333777R	0.0654341217392851	0.0591580049055127	0.0556479050369729	0.0785747554989949	0.058104825312609	0.0574329789276883	0.0702468323227131	0.0933791300243534	0.0635103646846644	0.130015653779747
ch.7.83866664R	0.0272151194615426	0.0251406436289013	0.0241517953403152	0.0238685390105397	0.0219238676240527	0.027393865919528	0.0251492542823747	0.0204550494044882	0.113560220537991	0.0247214326971995
ch.8.1742370R	NA	NA	NA	NA	NA	NA	NA	NA	NA	NA
ch.8.91748119F	0.0793543838035628	0.0377819792111319	0.0388320664703314	0.0484469861738571	0.0544005103518428	0.0452165527345358	0.0636587525587784	0.100056323841063	0.048010492787613	0.0653071197685767
ch.9.106992904R	NA	NA	NA	NA	NA	NA	NA	NA	NA	NA
