MutationType	SBS96A	SBS96B	SBS96C	SBS96D	SBS96E	SBS96F	SBS96G	SBS96H	SBS96I	SBS96J	SBS96K	SBS96L	SBS96M	SBS96N
A[C>A]A	0.009994580653808498	0.008959409517532322	0.00699118465105812	0.0259326867479831	0.04111278247088194	0.01767935696130735	0.00601425472282159	0.0066368117923661886	0.01453478508090484	0.005289928239653819	0.004355142896852158	0.006989302720512569	0.027339940232565994	0.018855017312417743
A[C>A]C	0.028364474929494465	0.04192685781046748	0.019310413204948418	0.008002358649437156	0.01613109519070349	0.013039488189097028	0.007356434183603206	0.010854396088418525	0.012372626417131868	0.012158816668963368	0.000915841586137276	0.0021102389911403633	0.016263189331232438	0.012504968352521075
A[C>A]G	0.0006682251931857763	0.0030330021385546503	0.0004966628582083387	0.0025819653564144573	0.0065414882668108024	0.0224277447024828	0.0005751774628981821	0.0026125671336018285	0.001718633216378862	0.0016896713723795643	0.003745180289333021	0.012280834895097428	0.004842053313004833	0.0018750467433676654
A[C>A]T	0.02030072823858063	0.011116099256021243	0.0019671778594010903	0.023839838708518073	0.02232611004728824	0.009600961523938167	0.0027532097717316	0.006125629868067222	0.006331218527429882	0.004348756719318772	0.0017406236426347021	0.005016462528967253	0.009317184837686057	0.009670408727840822
A[C>G]A	0.0018732065040660472	0.011444475824708889	0.005600933961488295	0.04661443596240133	0.015504693449183832	0.0044449813153726045	0.009919942833766982	0.006466468544667805	0.008068365930835826	0.007380640060333406	0.0013165322611870779	0.007565440028422472	0.013119322818015462	0.015358248917406527
A[C>G]C	0.0012769211669092328	0.00460939592461159	0.006259615242533414	0.017896271984521945	0.00797107745818721	0.0028161883824986945	0.004317982510475531	0.006394077648945711	0.00536380661387776	0.011097736782346601	0.0016380816834566758	0.006163306240834459	0.005881242166915826	0.001313151038099747
A[C>G]G	0.0005824835083409141	0.0017447752513631088	0.00026402007051167686	0.0001787726975290571	0.00865736346892966	0.0831529087243824	5.258729793629513e-05	0.0007226969760795043	0.00046372327299003756	9.8398775308155e-05	3.7584070548257745e-05	0.016984371560395492	0.0002924857834852901	0.0002662169771099343
A[C>G]T	0.005093829004642884	0.00530102110691924	0.003270995840050084	0.058812602545124264	0.006166140559340078	0.0179704061641678	0.010900285122815774	0.008833911939633166	0.011129516142615615	0.02372602653256152	0.002303525773046573	0.004065114599530802	0.008226540293484135	0.0015506008367709967
A[C>T]A	0.004605324414878851	0.008662519721870125	0.032837459697620947	0.04239123821607791	0.03227374004316516	0.017963798778073397	0.02654643408721313	0.04707283177137179	0.0577876652910345	0.012913044060624088	0.03559835539979914	0.013028931023873156	0.05627519736000522	0.037648201904846704
A[C>T]C	0.006658332863480609	0.003749817923185219	0.026539335475937377	0.005687389584513287	0.0011455026155454107	0.011989058832916432	0.020458693949263987	0.027673328414923617	0.0422986061591655	0.01604721142444532	0.012748177292882303	0.004735681203564468	0.01854462799150042	0.010037095724401724
A[C>T]G	0.008589874112149119	0.0029181828819268797	0.004133887095085811	0.004996522151196245	0.02644242069689767	0.06283589957747608	0.004584898371685995	0.005827996726511628	0.018936253804006355	0.002647560284221981	0.13160948406904935	0.022437267779416743	0.018312165296164834	0.0042147207332078555
A[C>T]T	0.005682550764613552	0.0036498694484180306	0.029537070381920785	0.013437077496637844	0.0060937233380536785	0.012801485560485161	0.033643203354440626	0.03284362204751232	0.03604217220039676	0.022454968821257353	0.021643458027986503	0.013699392838569047	0.020687483824445678	0.010220760810437924
A[T>A]A	0.0037444138851729387	0.011289253548857231	0.013184762741929248	0.008713323019938173	0.0030144523948200685	0.010708558438792011	0.004484731069158556	0.007636969654924854	0.011139275619497084	0.003233608696371846	0.0011174461272358371	0.0007207544147510703	0.012308421540326719	0.0034431068067562976
A[T>A]C	0.005434736373571241	0.010383875617136197	0.005977972227422868	0.003182603032729716	0.0020910785864472815	0.006959895288998048	0.003558913089309641	0.0033617215607714	0.005952360074215051	0.006365476047537015	0.0016873369178847853	0.00619052158773286	0.004235273201815773	0.0018750750873763877
A[T>A]G	0.0021952809739019586	0.008060986519065665	0.0056057179062432285	0.008087744749964265	0.002058078807446293	0.005267902278612837	0.003597218414597201	0.005846653408798943	0.007161159820292369	0.005953147229034528	0.009121796154349795	0.0016143669190893473	0.0038125341049622817	0.002545390476673859
A[T>A]T	0.007838504161778701	0.005327229455865078	0.004859890563061527	0.007266115031052322	0.00645104754523345	0.005916563581986338	0.005524472603284747	0.016951939749977215	0.012478904444142245	0.011025984031189182	0.0011380630241347943	0.01122108718119307	0.015591957851635243	0.02574059943773875
A[T>C]A	0.0020611173099534595	0.011937850908234396	0.05127731136279181	0.008506886979403135	0.0027205908016549075	0.005495728572914232	0.019264676494491546	0.03269799168308964	0.026212717271508836	0.032846343244891614	0.024917625596681318	0.024283181800274178	0.050453013409187404	0.05303899471782188
A[T>C]C	0.0017281702601593452	0.008424433685431722	0.0175619458822365	0.0072362704395763445	0.0034359706230634402	0.0035849202545375257	0.017705925771147123	0.013801594548777985	0.008196283018468477	0.021747767018041486	0.004330269344107478	0.0022135673920307395	0.005924468096609701	0.005886673777939855
A[T>C]G	0.0021695005435230998	0.004147840266149044	0.03934145087841898	0.004181762093793963	0.0007478828090097523	0.01343194186063556	0.01623743597767316	0.024243397215552704	0.017365273387217144	0.026494078718242234	0.007533555600741124	0.0073461650943967526	0.016259186147291587	0.014284516588321337
A[T>C]T	0.0024303616528275995	0.008286700766747116	0.06901428668643347	0.009664258109978618	0.0016521649877992847	0.0033633936369142246	0.060512519895273724	0.02112642158421579	0.03216441975963324	0.03361555036446963	0.037129980624543216	0.018003981246670263	0.013245713210565668	0.005198133362422652
A[T>G]A	0.00184786685587369	0.0013868460866433452	0.004565460944488464	0.006334504018055327	0.0009996847225926331	0.004925572569716579	0.008640038807388919	0.004188972191414279	0.00226687600813932	0.008679902602852679	0.00236411243257308	0.011551383287223872	0.009936766651071594	0.019898728704496306
A[T>G]C	0.002496578022868334	0.0016694980798419579	0.002992360786195718	0.0022137587256897007	7.331797387450934e-06	0.0022346245002768227	0.0034153785607522026	0.0035770787056293328	0.0037330095242661086	0.0009059246757198381	0.0006856228709660428	0.0035408115667671324	0.0020292674738951176	0.007909935242915047
A[T>G]G	0.0014724388102227693	0.005486499196047276	0.006730090765796888	0.0012659741189283125	0.0009586889514827134	0.0033149882718677757	0.002375053666049922	0.005407631927067378	0.005064915543233823	0.0015524064574302088	0.002394682882184611	0.0033382065360376603	0.008247689844880668	0.05899295909419834
A[T>G]T	0.0020134146547187014	0.002593889304059189	0.008456774992672212	0.01305308084856506	0.00011527468081268922	0.005318780732686292	0.01231959834339733	0.013269342975771821	0.005610244546036896	0.02592033066324575	0.001005712706888886	0.020403301139269844	0.008090713374526787	0.010383440005736273
C[C>A]A	0.012273808293248294	0.017545335782594974	0.004229936273172825	0.0020847476668404853	0.057226234320551156	0.02080119364120037	0.009737089763742688	0.005765971938380972	0.005595234114480831	0.01136941426413614	0.008175174120988232	0.006421246326748076	0.008621209273219393	0.004398831509089405
C[C>A]C	0.011492344206926646	0.01727878258388955	0.008114269514801436	0.004038056439643754	0.014038329197210259	0.013684991979024516	0.004923607544624247	0.009647172009630367	0.009272083082100835	0.006798595607110655	0.001495148542944662	0.010722067314645258	0.006627497258065063	0.0044759544584727
C[C>A]G	0.002296011593926437	0.0023973323267188107	0.0014855402382619332	0.0017596147594423428	0.004883636206185784	0.021275668623413395	0.0011284131494608118	0.00181984618111656	0.004463986194344045	0.0019068253113891842	0.004959706520071165	0.00599323037415985	0.00300582952396951	0.0005589547418195551
C[C>A]T	0.026540003109018925	0.05008027641732042	0.0005300389806340888	0.010130634274894277	0.027721363691498482	0.0073111454389862725	0.000959679297816507	0.00283120735903843	0.002375887131649108	0.0018995284356975617	0.00022751368292965425	0.010322726322777385	0.0030118097342512586	0.0017339571450297774
C[C>G]A	0.0026240682879472388	0.0020938688952708163	0.0026236578898215157	0.022769450325345133	0.0037581082116594187	0.007535978561437559	0.002861759464118876	0.002749296836483666	0.0024101777119594913	0.011481689751222603	0.0008493030707896309	0.006026895775651155	0.006841819683521067	0.0075161703729424365
C[C>G]C	0.004381173452249243	0.003706040115431826	0.0017324180230302488	0.005572073852905817	0.005260350789030781	0.007466039856934828	0.005998683563145733	0.0027446459859996252	0.0034321879597695214	0.0051092593100279275	0.0009420990653060812	0.007937892326506813	0.0025699968258007288	0.0038202005468622245
C[C>G]G	0.002011228490913131	0.0005324393908823311	0.000363022203252612	0.00324550979688226	0.0005109994946172236	0.016276638506519187	0.0004711989911474035	0.0008426154420913296	0.0014787312645183092	0.001595860577075734	0.0001379663025698541	0.002080998168648449	0.0010337159575599486	0.0002556341167571574
C[C>G]T	0.01087579952145461	0.008972418526323401	0.0052189555044833465	0.020332521670034395	0.002936880138161655	0.008889922177186236	0.0041253239266802666	0.008690837238827954	0.011028953356692028	0.011388552218053577	0.0004970721163674341	0.008617971756352745	0.0064699686119462285	0.004049918349475144
C[C>T]A	0.045076801618561146	0.003229583163588359	0.022137613193463038	0.02895298572606407	0.010456189674226835	0.010139710422398593	0.028966458718824698	0.028229406627295076	0.026347918344763455	0.018156230123749992	0.026222022539068347	0.014727729854006383	0.016958296977495593	0.0017713311008473909
C[C>T]C	0.19122864730656147	0.040879307294505604	0.016668583128153783	0.006455494524533392	0.0032688982166089154	0.001460745691780403	0.024146715054688052	0.02330216748109841	0.01190803184187132	0.006048485366242318	0.004543973457385953	0.005922492652164237	0.010661637262607541	0.005713970912965074
C[C>T]G	0.007201077784993686	0.001995880688067473	0.008897523241270165	0.00505941544272693	0.023304153603967405	0.030722898405510932	0.016630547696098574	0.017866824038806045	0.019015530800083412	0.005058085207299847	0.13150341540575028	0.006111621842505075	0.017184131177725135	0.006126931816901617
C[C>T]T	0.17430166848003864	0.015660139131116944	0.02550163726613391	0.0027039506823348346	0.003954872483154759	0.013052656119016319	0.02128209717169284	0.0169917461622567	0.0477309625224234	0.01586569730192423	0.019441238399343773	0.009733030978061379	0.022047630352086046	0.01499285854187633
C[T>A]A	0.019385393497935867	0.017393110970333227	0.002221189069006488	0.00584164453184286	0.0009080743105880629	0.0029561274785200454	0.0013957965547271422	0.002611335368631984	0.0013964724099739811	0.006694777477783589	4.282212966444376e-09	0.001732956524822349	0.002599189400122377	0.0003449859352189577
C[T>A]C	0.018908490541007267	0.029384160024735307	0.0022445293562047652	0.0010870278411107392	0.000583982053062968	0.00514133212205337	0.0031525331001737555	0.003688910484494983	0.0025477033937295348	0.0032237182171046186	0.002632871272891144	0.010301454988325248	0.004905296417410981	0.002815716637983412
C[T>A]G	0.022348394709535455	0.03139004508382641	0.003220336946593889	0.003067944051526865	0.007062474983879383	0.0071518336589906535	0.002175674279946662	0.002003646855682515	0.002059564726514509	0.0016676156719336178	0.002935256561832826	0.0027320188547400905	0.0030056667569556337	0.003506717897856859
C[T>A]T	0.032989176145544835	0.04953844141079571	0.0015728381783796407	0.00884123298832236	0.0008692445525349513	0.010262489099844174	0.001677209103334576	0.001324347330286173	0.0018327639041101661	0.0019099869814081672	8.718301975925158e-05	0.0218582297377543	0.0020164583015878177	0.001270229608833091
C[T>C]A	0.004329747713961751	0.007362478582235781	0.017663673354109052	0.0031488832473265307	0.0016801105492066882	0.009657343294475141	0.008819465579441611	0.0088780130312432	0.009777252443708449	0.017222102082341734	0.00140430090359132	0.0037970289312614725	0.011623903289582814	0.013688552961516862
C[T>C]C	0.008500658929988277	0.013069372113938016	0.012570813427904852	0.007127993090618929	0.008255114016938023	0.002130880591225832	0.007982321472094043	0.007825655883389118	0.00717285457184289	0.007563602809364625	0.0006221430998562884	0.02145879517914139	0.004289535049254028	0.0015020037697291856
C[T>C]G	0.0025919651648655417	0.01547606520478439	0.015572387632746541	0.0052681956638218706	0.0039204565544969225	0.004467728526196881	0.016966658365267905	0.013031601867919563	0.013053975128126467	0.015673880357062443	0.01013854536846594	0.013885053918347694	0.009804744019807004	0.007842246204897662
C[T>C]T	0.0027907589991446003	0.01864849043864524	0.02107567336410296	0.008670579029123928	0.004647604803249123	0.005303063313177461	0.008857867773385805	0.012109157782156217	0.015497117459104431	0.013716266082399215	0.011302904253150139	0.07664880053140223	0.023524928199767602	0.02834089272936012
C[T>G]A	0.00227288986221339	0.00369902661313418	0.001403830476152521	0.0033024921069407754	0.0005849786398516699	0.001718540557943058	0.00250937830635948	0.005253469707640832	0.002788731964551019	0.0012782039921496137	0.0005278204995681079	0.006181896965468923	0.002020098513035293	0.007534227200187296
C[T>G]C	0.0005879333990578673	0.0029699176647153534	0.0009317704811556382	0.007968034523924245	0.0	0.0030812879648323844	0.0025814314769020542	0.0023867801208615445	0.0006657224339468825	0.000902338558747573	0.0019256040660807373	0.007235033801093209	0.001129708328190091	0.0017080754794488407
C[T>G]G	0.0018236832415601612	0.00966894589480944	0.001093262417721732	0.0030168312112155604	0.006893749397438569	0.007368110009319082	0.002301825470671872	0.0022290104353874084	0.0009467941538665058	0.006066122535052045	2.2924921170002222e-05	0.007432880209054105	0.0035594754854450096	0.00665142646468162
C[T>G]T	0.0017773447875316607	0.0035962716834811205	0.0017165736822494183	0.002260317527212052	0.0019445757780972882	0.01962121753818167	0.0037934979638025368	0.0012040223544045148	0.0025682387014491328	0.004336941426621052	2.0332063312622493e-05	0.15016224299557507	0.0016929632231403246	0.0004030651253795803
G[C>A]A	0.007605460620221294	0.028669221771148157	0.0035382904761382863	0.0010629532690569477	0.11254464831203222	0.012236361251013456	0.013539444144840899	0.01597340608865039	0.011345324313041517	0.0050225661902891265	0.002456999414202414	0.0071217363403022205	0.00994603874312645	0.0034723999882384504
G[C>A]C	0.03075753431094199	0.043274454365018755	0.004479367576889634	0.003260099019603899	0.006811584593883709	0.00469975468379566	0.010001671971131144	0.012380544600929622	0.0065065868494150435	0.009687807460513795	0.00827742229240215	0.0014716390586249873	0.006167007225975851	0.002037312083107139
G[C>A]G	0.001142399347499108	0.0006816143826716825	0.002618065100026712	0.0042504546818933515	0.006820473477855558	0.008024394916658508	0.0011487417508057262	0.0019143469832269488	0.002584582657895016	0.0014825832558958397	0.0012461569352680613	0.003654703299629176	0.005153877538929806	0.004881984046101131
G[C>A]T	0.004528338791582201	0.011028620059208833	0.004251519993324855	0.012434792336506746	0.0648174068145454	0.0080678759305016	0.0028003028839937373	0.004221333470209103	0.0021342451777026385	0.004261395229583513	8.270647358727956e-05	0.0023445500519871845	0.0047870771640537765	0.006031112486678261
G[C>G]A	0.0011389891378840388	0.0074941449447319996	0.001783387999142647	0.02033319007662442	0.0011278236422270992	0.010240208650722026	0.0011506473557125574	0.003220075385797472	0.0013464138395956836	0.00412317223158027	8.781361202636617e-09	0.0017862058484811882	0.00390949823726995	0.0008831982118394067
G[C>G]C	0.00787624792430961	0.03322908578496083	0.001938333485189645	0.00949705575823998	0.00329577392295846	0.0021894692745092923	0.005359361429099038	0.004051534527042264	0.0021831960663215	0.0023006043887875195	1.4969514778044868e-05	0.0011560407624310188	0.003171354729108069	0.00390722690490918
G[C>G]G	0.0003852549935708893	0.0005548249061207855	0.0009072888916796273	9.624238823796816e-05	0.0007071625126758362	0.011284336133923425	0.0009752087259067644	0.0008190288327386419	0.0007561632239727878	0.0014203693062442824	0.0004229057298153016	0.0015827199505502065	0.0006815861874435924	0.0006480307877801162
G[C>G]T	0.008260201341327046	0.01309240841054759	0.0025971508100089834	0.01857145507291989	0.0018330014600195454	0.012263425280463026	0.0033188993532706234	0.004623412951651744	0.0043044160954895	0.012746977247238788	7.589158320655542e-06	0.012477367041696498	0.00562729243975852	0.003410385078031908
G[C>T]A	0.013046302057337016	0.01612655777418695	0.028956590562993368	0.030061385086337395	0.002163144992082403	0.01128659828507807	0.03318616575733415	0.018793201713914413	0.03015958924830102	0.025750537308922503	0.017231724939889448	0.0029146632817446515	0.009354950415537218	0.0022222648737064343
G[C>T]C	0.005484393532285597	0.016362136577954517	0.021124505959801355	0.014501214347849328	0.015926862857377273	0.0035303962463876814	0.057282849877374246	0.01817219927885958	0.02449029950234035	0.029898529870552012	0.017068905684391778	0.00402138695549269	0.010873270123366297	0.009310063971347092
G[C>T]G	0.0020007664506556467	0.004226579360311007	0.009193879217025086	0.0008998131341732573	0.012312079248468421	0.022351853864279292	0.017850817108119373	0.009366607002999672	0.0070256289220651524	0.0025125339834804095	0.12110437355935573	0.011293375912566716	0.00883941033102758	0.015304050441034035
G[C>T]T	0.0063905695914581884	0.011581024091074142	0.02473673935970055	0.013477844955050387	0.0035057952518945967	0.0167078150153975	0.042265854184515776	0.029388444599306576	0.02218402759761375	0.041306158303050323	0.023175778257118508	0.003965499647142873	0.01226306544030166	0.009758561117988904
G[T>A]A	0.001540617968994411	0.0046934788668249895	0.0007495437932658433	0.008751038251895906	0.0032673440894643592	0.0037036739895518166	0.0006459856740957548	0.004024986708477343	0.0016416649035059549	0.003433623026410828	0.006367932693324007	0.0014044251449740841	0.005644527403329036	0.005485419176155979
G[T>A]C	0.003315227047046392	0.0090421726045534	0.0006414717869890652	0.004471702220328169	0.00247326834139173	0.005243190684969221	0.0015279088497181148	0.0028352153186024507	0.0017562827303205175	0.0015822061382125697	0.00011962780618567593	0.0034411646080095616	0.002617061418195874	0.0024542061132605043
G[T>A]G	0.0012939470810189846	0.00618349638084652	0.0014003172023874554	0.008496542185694551	0.0007422418333714456	0.0045315644893833	0.0014287877755574385	0.005951675179644411	0.0018773371056370535	0.002477846730617479	0.0019252605314536808	0.000392725042458153	0.004496384786511012	0.004334965291597825
G[T>A]T	0.002242975334930861	0.0038137792015891137	0.0021823321637694806	0.009339103587998832	0.0028114843683374603	0.005055918417144767	0.0024653037235610855	0.00320551688382646	0.007012338741674	0.002692192895112129	0.004697614029990831	0.012959377344232052	0.005260242811959017	0.0019249654522476333
G[T>C]A	0.0015902575426332533	0.004011207878807852	0.019540833795010856	0.005045960595312237	0.001874377987094249	0.0028626297158444204	0.0183105562821936	0.007651295607774955	0.011894059072877071	0.007884496124461293	0.004574303769140329	0.007487286082293849	0.010804657336634058	0.022954965540693734
G[T>C]C	0.0020552937110835503	0.03113339248041683	0.008872375224488707	0.002478062143600539	0.002327719887321962	0.002106407657804823	0.006952952997663857	0.008714977590461607	0.005100596685017961	0.007731485405112295	0.0002270758654490379	0.0013731247079364877	0.0023389665498901023	0.0013262953946316003
G[T>C]G	0.0024874130928452588	0.0014809019624746611	0.015645942818372303	0.004070961689341175	0.002961474660510248	0.0009373529809894876	0.011618749240641364	0.006436626397513123	0.011070652907403656	0.006677847088967042	0.004199775017863488	0.0060023702285781156	0.01700346441745694	0.0205892564636963
G[T>C]T	0.0020571894467423133	0.007066502905909147	0.022633547818973056	0.00643680976406813	0.002057460975181584	0.007431444785230497	0.01978662672264935	0.01401239268587517	0.010490220687271118	0.01035536186772788	0.0006910307162131346	0.017371285443405212	0.00956357099967093	0.008108562067841128
G[T>G]A	0.00035241048776057937	0.0017351388322580873	0.0021061738547413712	0.0034171196980969398	0.002132841848643636	0.0026017806460788507	0.0032169520940720986	0.0014388994926090603	0.003935734280459187	0.0015162105826104265	2.9801777116027495e-05	0.003408345294975561	0.0033052464782147694	0.008991624630556742
G[T>G]C	0.002139449537722555	0.008419549793716214	0.0005090169083895546	0.00022587440393635915	0.0005965467833840421	0.0061188467970222146	0.001022628617159569	0.001826572082519199	0.0004216263829011524	0.0004834761328706749	2.179095095728556e-05	0.003895770077193106	0.0013870937256969817	0.007211755539377691
G[T>G]G	0.0013751328130641837	0.00422031037980787	0.0014157028167193176	0.006254733794313496	0.004910181765639407	0.006757516645188275	0.00379775527285382	0.002067226427674029	0.002446610023744569	0.0011923057523326008	0.0015110137696786553	0.003342789511179802	0.002936021970252227	0.009960607486268315
G[T>G]T	0.0024349780900229235	0.0006071091637555526	0.002063137093975911	0.008380940946547639	0.003220278117655937	0.006779873410969763	0.001990541873958378	0.009444686969349761	0.004506820135240872	0.003269203243924892	0.0009027927264160085	0.032154782585566866	0.005986216771896302	0.00771089543663102
T[C>A]A	0.011870990034969395	0.008624145972862606	0.008905866385175614	0.006779273895954247	0.0659623562451452	0.016945093858694235	0.015823031832069318	0.012173687285812775	0.00462824592308607	0.006997892851638272	0.005291654119731675	0.005441166975548413	0.011929622023817794	0.011805236999035457
T[C>A]C	0.01080113445990719	0.020912068684119732	0.01026354751928011	0.008047218950355272	0.02289468966424465	0.01253120058463537	0.009480217645900665	0.012052247930090515	0.008324700450903038	0.012038145095693835	0.0068206990487237815	0.005652906274837335	0.009560234617785284	0.004331376452736931
T[C>A]G	0.0003159439707265577	0.002147270308128952	0.00021206768363484229	0.001411081252815194	0.008568404500616396	0.007947249195896972	0.0006007726066984276	0.0010418244753579663	0.0010335846207275966	0.0006074002772523457	0.0007651429293844458	0.002047066723414872	0.0018755828999873182	0.0008849328419672009
T[C>A]T	0.02423211646630989	0.004603182971657134	0.006162733908392965	0.010736497653443849	0.1208087364025414	0.01725745848614679	0.004127848811972967	0.004460856296007023	0.012496986589553623	0.009514967480758968	0.005142670555102313	0.015483284132169501	0.007300250525108538	0.0020321753834871715
T[C>G]A	0.0004184450348134319	0.016866247627767735	0.0046360191263011075	0.03648000247776508	0.004741358113950583	0.003358812615797433	0.010313836266872158	0.0034926358921361354	0.005623968628074323	0.018283729767286445	0.00212455871875449	0.0091763157789325	0.006922472560495976	0.0027526461846365535
T[C>G]C	0.0025669918076283694	0.008068047145362698	0.0065371003360249706	0.007907392327806519	0.004716757505291867	0.012449804192177396	0.007104416413592957	0.006887978910349091	0.0032291196511950206	0.013639581081413539	0.000315169776390789	0.006541722467939648	0.004326170783353262	0.0019961900912610986
T[C>G]G	0.0005187848170501752	0.0004470144868102466	0.0013232416710790317	0.00047325555020240274	0.006378716109709331	0.03180675339455093	0.0004058678681605699	0.0017893650746250245	0.0008984033185083718	0.0006338683562555403	0.0001399503490633247	0.004482306701043087	0.0011766188393863076	0.001979903798072655
T[C>G]T	0.014392411877306586	0.01652969563225895	0.006072267616400495	0.07443741049151868	0.005065790801473895	0.006998453844839858	0.01573042227647491	0.012173603013081867	0.01456636711054216	0.01934959322008933	0.00039788446731108706	0.015543645483360251	0.015696359042402293	0.01407282277836707
T[C>T]A	0.010736339579016202	0.008130312647463143	0.032972085358078405	0.027966962225917557	0.006584353782454855	0.013379897217382676	0.025353223184356465	0.04105876251144878	0.018750841169356817	0.008159744116919682	0.03222748691914603	0.01162246195388434	0.011456288937535532	0.013237540722807922
T[C>T]C	0.015167857090709731	0.00940278247859825	0.024432946925472834	0.00793115000959892	0.005763265081841382	0.006520492326327485	0.03519480020855553	0.026961739091202617	0.03288647937122732	0.026759698567620945	0.026418201237179348	0.0061406846558017735	0.02399659765271072	0.016465648222801405
T[C>T]G	0.0013598782566793942	0.001374316052060749	0.006309092814271935	0.003094652455314417	0.020791433335773206	0.01375814531105391	0.005965849824884799	0.01044107713829817	0.006497993783901848	0.0068916553738728225	0.08727131137624383	0.008184549324612931	0.014856586572566357	0.011896750905107752
T[C>T]T	0.026548927850089967	0.0038873597651500236	0.025596282829174016	0.01093007224425378	0.007288141924436786	0.004001218321300257	0.022917528252582996	0.05003769263857975	0.028952301802346484	0.019347880430932492	0.014131635232502049	0.013503321010211948	0.037927926041810736	0.023319134887988043
T[T>A]A	0.008733517677175357	0.005388059594761217	0.00740441935782826	0.001532215705319686	0.002642230163583008	0.0161682955514857	0.014002193098195902	0.015442556219059043	0.010556308504266951	0.019562191317322685	0.011276955319108738	0.002005378612299025	0.018128786597384306	0.02965236968483964
T[T>A]C	0.0020252515942820537	0.011100879311179597	0.0028259862004823334	0.007864736359096618	0.004712320381599398	0.005557159436640404	0.003546310497162608	0.008704012206962979	0.0033469278376337818	0.007020791520642575	0.0017847132530867827	0.008608050867245538	0.003488042117383969	0.0017260328251796154
T[T>A]G	0.001539354192642577	0.005848673335661374	0.004023445028784068	0.004814823636876326	0.0012086297972436456	0.008901970537838082	0.0026885226274941942	0.004614813718859328	0.0044571305568729255	0.0029646655687906786	0.0010342860088460525	0.0036217348552381166	0.0036597976587998547	0.003184823645603885
T[T>A]T	0.0017119379721407314	0.00943686933736899	0.0217361189960846	0.011296017521149518	0.009767147292150185	0.009780289140992977	0.008469485106365937	0.015195197038861465	0.017782948383349435	0.005875878145088791	0.0037860935676053485	0.01915971539885504	0.019496724034568657	0.008853317221804673
T[T>C]A	0.005527458436108646	0.003919318071397128	0.017768998173414728	0.01286432921735468	0.0029142800966432225	0.01265607601884085	0.016016910331989483	0.010249292951021392	0.015245081996672525	0.03039749975781888	0.005115295626512477	0.009615132565595558	0.014736263676875866	0.016937958658568952
T[T>C]C	0.0003744247907931708	0.012238028874157862	0.017569245006725395	0.0029488503990978644	0.003408475193573395	0.0013142410835007467	0.008545287389774217	0.01457285766398627	0.025148186543685398	0.010281617170600157	0.0004370744891241429	0.007745647987321718	0.022635062663250237	0.024487470838132595
T[T>C]G	0.0013589633369633703	0.005355724484215898	0.01257946255918796	0.009350405053946815	0.00291854608288304	0.0029983255626422787	0.016171522174595054	0.017354012541642875	0.009073174250763713	0.02512946902319129	0.005931683555830602	0.004688771534882221	0.009384312047034485	0.004745369975634617
T[T>C]T	0.0016760263000065339	0.007157577292091473	0.02833639505377505	0.018853525589581324	0.007139996960904682	0.005016720052444725	0.01829851345717998	0.015512571652443512	0.02023279676909283	0.04281933364326505	0.02055702435056446	0.0070917118487003	0.0351328767514115	0.029421990505369564
T[T>G]A	0.0015914119652950375	0.0023635311087667797	0.004439807997473177	0.005525487839980201	0.003875059595920902	0.008033243774943345	0.006285965928096715	0.005106978968667733	0.004036574605549852	0.01663531910659856	0.0017917364754647736	0.0011757913798837193	0.009710087526549671	0.0292380781075704
T[T>G]C	0.00031976128508517834	0.004144474820277537	0.0032148227580881894	0.0041444664199161	0.0017824397069341558	0.0014451052047093071	0.0035434843872025825	0.003816919420714755	0.002481810037415926	0.0027895872123757746	0.0010546481243344273	0.004410958316768756	0.004490892223510273	0.0076164515956132295
T[T>G]G	0.004225003871688386	0.003251168729120764	0.005275291044110304	0.0032669377428697997	0.004765295083553838	0.004568014053115945	0.009023654671856604	0.00438923008117456	0.0033205652971298604	0.0051915116872794445	0.003497884941212135	0.0052898156372395986	0.011103795844428532	0.04517923135862688
T[T>G]T	0.002753742787790543	0.007397478335724373	0.011950390732587158	0.02274480718024279	0.004771834211678652	0.014870590983628062	0.010541306660643386	0.013734145345035814	0.011495391934796545	0.024171429844074194	0.0046359736260649246	0.03219655427383259	0.024448824013900722	0.06752760163042694
