MutationType	DBS2	DBS4	DBS5	DBS16	DBS18
AC>CA	0.00037763	0.00415751	0.00213467	0.05655675	0.01036463
AC>CG	0.00003200	0.00004979	0.00046085	0.00427516	0.00271927
AC>CT	0.00012722	0.00000000	0.00201497	0.01386300	0.02023932
AC>GA	0.00023930	0.00441861	0.00055661	0.00847879	0.00736944
AC>GG	0.00000000	0.00000000	0.00000000	0.00352072	0.00500712
AC>GT	0.00028272	0.00000001	0.00081995	0.00357819	0.01227004
AC>TA	0.00149436	0.00127537	0.00147631	0.00568909	0.02302970
AC>TG	0.00000642	0.00005330	0.00111721	0.00109197	0.01393330
AC>TT	0.00294834	0.00016168	0.00745139	0.00418365	0.01691093
AT>CA	0.00003796	0.00091513	0.00010718	0.00782585	0.00455514
AT>CC	0.00000000	0.00000000	0.00002114	0.00208020	0.00181673
AT>CG	0.00000000	0.00000000	0.00000000	0.00363180	0.00074198
AT>GA	0.00016876	0.00032369	0.00110153	0.00472866	0.00263752
AT>GC	0.00000588	0.00001758	0.00000000	0.00150287	0.00049403
AT>TA	0.00046006	0.00452572	0.00078695	0.00651099	0.00799110
CC>AA	0.72362049	0.00000000	0.00000000	0.03384864	0.01054537
CC>AG	0.07256194	0.00539772	0.02399390	0.01058486	0.04734179
CC>AT	0.09994758	0.01560668	0.00239939	0.01820880	0.09862478
CC>GA	0.01769072	0.00352890	0.00006675	0.00294870	0.01588178
CC>GG	0.00044976	0.00007253	0.00001175	0.00017362	0.00518145
CC>GT	0.00109942	0.00007939	0.00002449	0.00268812	0.01890466
CC>TA	0.01599161	0.00016899	0.00125400	0.00699776	0.02253163
CC>TG	0.00023688	0.00000825	0.00474941	0.00041501	0.01795786
CC>TT	0.00000000	0.00000000	0.00000000	0.01605153	0.03184515
CG>AT	0.00117632	0.00029503	0.00165728	0.00013169	0.00084081
CG>GC	0.00037745	0.00000519	0.00010025	0.00019085	0.00003275
CG>GT	0.00130930	0.00000000	0.00654827	0.00147120	0.00164047
CG>TA	0.00000000	0.00000000	0.00000000	0.00178363	0.00025910
CG>TC	0.00219922	0.00000000	0.00003012	0.00122247	0.00122794
CG>TT	0.00568727	0.00036726	0.00224339	0.00361943	0.00258915
CT>AA	0.00325440	0.00000000	0.46673921	0.06147996	0.02675318
CT>AC	0.00000000	0.00000000	0.20933153	0.08341060	0.02636074
CT>AG	0.00059512	0.00036603	0.02674235	0.03329997	0.00732624
CT>GA	0.00001835	0.00067861	0.01612554	0.00112020	0.00367710
CT>GC	0.00013585	0.00007277	0.00485769	0.00890570	0.00123452
CT>GG	0.00009102	0.00093372	0.00057090	0.00412983	0.00200147
CT>TA	0.00342675	0.00000000	0.00334530	0.01786831	0.00959962
CT>TC	0.00003892	0.00000000	0.00023738	0.09337737	0.00637236
CT>TG	0.00039540	0.00003104	0.00087539	0.00650774	0.00261720
GC>AA	0.00509570	0.32722945	0.00013180	0.01555792	0.03474690
GC>AG	0.00032600	0.01127345	0.00263599	0.00750497	0.04218956
GC>AT	0.00095595	0.00921829	0.00155583	0.00403931	0.05056220
GC>CA	0.00106328	0.01187204	0.00453866	0.00373749	0.02336157
GC>CG	0.00006709	0.00000098	0.00032008	0.00124688	0.00193042
GC>TA	0.00073827	0.01765842	0.00022000	0.00066259	0.01897671
TA>AT	0.00275051	0.03024074	0.00184775	0.00833289	0.01039342
TA>CG	0.00001890	0.00038696	0.00000780	0.00123927	0.00191531
TA>CT	0.00028005	0.00867432	0.00224300	0.01075995	0.01108163
TA>GC	0.00008220	0.00006980	0.00005158	0.00089182	0.00026098
TA>GG	0.00007890	0.00220837	0.00161061	0.00092544	0.00372367
TA>GT	0.00130024	0.00801778	0.00188728	0.00579023	0.00699299
TC>AA	0.00146256	0.38021009	0.04025775	0.07241784	0.00368606
TC>AG	0.00020173	0.00187597	0.01484754	0.00979530	0.01188627
TC>AT	0.00000000	0.00843685	0.00074537	0.02534874	0.07378646
TC>CA	0.00068791	0.08487012	0.00142496	0.01399466	0.01886393
TC>CG	0.00000392	0.00040128	0.00000000	0.00025852	0.00219888
TC>CT	0.00337902	0.00000830	0.00104630	0.00754156	0.02558988
TC>GA	0.00089267	0.03651622	0.00002452	0.00400824	0.00190653
TC>GG	0.00000995	0.00001043	0.00003468	0.00223702	0.00184426
TC>GT	0.00008642	0.00000000	0.00003847	0.00426136	0.00814675
TG>AA	0.00298486	0.00765237	0.01793196	0.00716235	0.01007549
TG>AC	0.00022185	0.00011835	0.00145448	0.00079804	0.00452778
TG>AT	0.00432604	0.00000000	0.02032288	0.00893987	0.02704378
TG>CA	0.00014521	0.00080636	0.00047420	0.00544640	0.01578012
TG>CC	0.00005989	0.00012035	0.00050409	0.00242095	0.00379295
TG>CT	0.00309579	0.00008230	0.00032676	0.00983591	0.01060374
TG>GA	0.00148235	0.00787301	0.00325764	0.00118758	0.00077336
TG>GC	0.00027429	0.00060577	0.00029090	0.00140419	0.00083324
TG>GT	0.00645376	0.00003238	0.08238737	0.02895226	0.00311052
TT>AA	0.00435596	0.00001809	0.00491241	0.03355487	0.02736909
TT>AC	0.00034868	0.00000066	0.00096451	0.00866562	0.01755536
TT>AG	0.00021729	0.00000000	0.00089162	0.03067411	0.00808552
TT>CA	0.00000000	0.00000000	0.00000000	0.08958030	0.01705367
TT>CC	0.00000301	0.00000000	0.00077181	0.00000192	0.00000021
TT>CG	0.00001536	0.00000000	0.00000000	0.01116594	0.00384445
TT>GA	0.00004840	0.00000000	0.00002986	0.00814636	0.00136399
TT>GC	0.00000156	0.00000000	0.00005652	0.01328328	0.00271459
TT>GG	0.00000000	0.00000000	0.00000000	0.00027434	0.00000040
