AID	order	PRDM2__exp	old	zscore1	zscore2	zscore3	zscore4	zscoreMean
F030	1	9.329581884	3	0	3.568408067	2.478739659	5.793540612	11.84068834
F007	2	10.05249243	1	3.696849294	1.958167521	2.478739659	5.30978573	13.4435422
SJ32	3	10.34316458	70	-0.721990711	-0.779241407	-0.593473572	-0.301770903	-2.396476593
F026	4	9.787532356	5	2.220288919	0.750487112	2.806442404	1.439746673	7.216965108
F017	5	9.44394372	7	0.524737946	2.038679548	2.396813973	1.439746673	6.39997814
SJ01	6	9.082997265	2	4.989110649	3.326871985	4.117253382	0.278734956	12.71197097
C005	7	10.49401365	9	1.556812451	0.830999139	3.175107991	0.762489838	6.325409419
F055	8	9.903914345	8	1.745447917	1.314071303	1.700445641	1.342995696	6.102960557
SJ10	9	10.1785021	6	0.533410841	1.233559275	1.536594268	2.794260343	6.097824727
SJ25	10	NA	11	-0.294850632	0.267414948	1.659482797	0.665738862	2.297785975
F036	11	NA	10	0.836962166	0.589463057	1.29081721	0.375485932	3.092728365
F028	12	10.1601426	4	0	2.360727657	1.208891524	0.085233003	3.654852184
F029	13	10.24903189	12	-0.025990887	0.025878866	-0.388659356	0.375485932	-0.013285445
F045	14	9.670413697	13	-0.0910376	-0.054633161	0.184820447	-0.011517973	0.027631713
F056	15	11.04727489	14	-0.568046825	-0.537705325	-0.470585042	-0.205019926	-1.781357118
F038	16	10.74246716	15	-0.359897345	-0.618217352	-0.552510729	-0.301770903	-1.832396329
F037	17	NA	16	-0.717654264	-0.779241407	-0.552510729	-0.301770903	-2.351177303
F042	18	10.36635269	20	0.006532469	1.153047248	-0.183845141	-0.301770903	0.673963673
F058	19	11.39030119	23	1.162195728	0.18690292	-0.429622199	-0.301770903	0.617705546
C002	20	11.11895475	33	0.832625718	2.682775767	0.922151622	-0.301770903	4.135782204
F041	21	10.82787379	32	0.787093019	2.441239685	0.348671819	-0.301770903	3.27523362
C001	22	11.25140045	34	0.492214589	0.589463057	-0.142882298	-0.301770903	0.637024445
F015	23	11.03256518	35	0.362121164	0.589463057	-0.060956612	-0.301770903	0.588856706
F049	24	11.67732904	19	0	0.50895103	-0.060956612	-0.301770903	0.146223515
SJ19	25	10.79531554	36	-0.078028257	0.830999139	-0.511547886	-0.301770903	-0.060347907
SJ17	26	11.37553165	38	-0.010813321	0.025878866	-0.224807984	-0.301770903	-0.511513342
SJ08	27	10.89035761	39	-0.095374047	0.025878866	-0.142882298	-0.301770903	-0.514148382
SJ02	28	11.07662053	37	-0.078028257	-0.296169243	0.020969074	-0.301770903	-0.654999329
F043	29	10.20973124	40	-0.182102997	0.025878866	-0.347696513	-0.301770903	-0.805691547
F008	30	9.665799099	41	-0.36857024	-0.296169243	-0.019993769	-0.301770903	-0.986504155
C003	31	11.31286925	43	-0.171261879	-0.135145189	-0.552510729	-0.301770903	-1.1606887
F020	32	NA	44	0.091093195	-0.537705325	-0.470585042	-0.301770903	-1.218968075
SJ09	33	11.05192389	45	-0.448794519	-0.054633161	-0.429622199	-0.301770903	-1.234820782
F022	34	NA	42	-0.082364705	-0.457193298	-0.429622199	-0.301770903	-1.270951105
F044	35	11.23898233	48	-0.591897286	-0.376681271	-0.388659356	-0.301770903	-1.659008816
F039	36	11.4379218	46	-0.411934715	-0.537705325	-0.429622199	-0.301770903	-1.681033142
F054	37	11.71143091	49	-0.652607551	-0.457193298	-0.388659356	-0.301770903	-1.800231108
SJ18	38	11.47610228	47	-0.40326182	-0.537705325	-0.593473572	-0.301770903	-1.83621162
F052	39	11.54967691	53	-0.64610288	-0.69872938	-0.470585042	-0.301770903	-2.117188205
SJ04	40	11.6631862	50	-0.695972026	-0.69872938	-0.511547886	-0.301770903	-2.208020195
F048	41	11.37354558	51	-0.676458013	-0.779241407	-0.552510729	-0.301770903	-2.309981052
F006	42	11.74801206	56	-0.719822488	-0.779241407	-0.511547886	-0.301770903	-2.312382684
F024	43	NA	52	-0.728495383	-0.69872938	-0.593473572	-0.301770903	-2.322469238
F019	44	NA	55	-0.719822488	-0.779241407	-0.552510729	-0.301770903	-2.353345527
F021	45	NA	54	-0.719822488	-0.779241407	-0.593473572	-0.301770903	-2.39430837
SJ20	46	10.51453139	17	2.718980382	0.267414948	1.741408484	-0.205019926	4.522783888
SJ28	47	10.34316458	70	-0.721990711	-0.779241407	-0.593473572	-0.301770903	-2.396476593
F031	48	10.61115592	18	0.667840713	1.716631439	0.102894761	-0.301770903	2.18559601
F002r	49	11.298816	21	0.409822087	0.347926975	0.020969074	-0.301770903	0.476947233
F033	50	NA	0	0	0.347926975	-0.347696513	-0.10826895	-0.108038488
F016	51	NA	22	-0.223299249	0.106390893	-0.593473572	-0.205019926	-0.915401854
SJ03	52	11.12046792	25	0.277560438	-0.376681271	-0.593473572	-0.301770903	-0.994365308
F032	53	10.68706702	59	0	-0.135145189	-0.470585042	-0.205019926	-0.810750157
SJ14	54	11.00943649	29	-0.470476756	-0.618217352	-0.142882298	-0.301770903	-1.533347309
F053	55	11.2002601	26	-0.466140309	-0.376681271	-0.429622199	-0.301770903	-1.574214682
SJ13	56	11.30976693	28	-0.463972085	-0.69872938	-0.265770827	-0.301770903	-1.730243195
SJ33	57	10.34316458	70	-0.721990711	-0.779241407	-0.593473572	-0.301770903	-2.396476593
F046	58	11.04686351	30	-0.68079446	-0.69872938	-0.388659356	-0.301770903	-2.069954099
C004	59	11.9771322	31	-0.691635579	-0.779241407	-0.552510729	-0.301770903	-2.325158618
SJ12	60	11.48304443	24	-0.138738522	-0.296169243	-0.183845141	-0.301770903	-0.920523809
F059r	61	11.68983429	27	-0.049841349	-0.779241407	-0.347696513	-0.301770903	-1.478550172
C009	62	11.03277779	57	1.010420066	0.267414948	0.717337407	-0.301770903	1.693401518
C007	63	11.09895756	58	0.392476297	-0.135145189	-0.470585042	-0.205019926	-0.41827386
C006	64	11.50735954	60	-0.136570299	-0.457193298	-0.511547886	-0.301770903	-1.407082386
F010	65	11.67557071	61	-0.468308533	-0.537705325	-0.388659356	-0.301770903	-1.696444117
C014	66	NA	63	-0.450962743	-0.457193298	-0.552510729	-0.301770903	-1.762437673
SJ31	67	10.34316458	70	-0.721990711	-0.779241407	-0.593473572	-0.301770903	-2.396476593
F001	68	11.60359092	64	-0.435785176	-0.69872938	-0.552510729	-0.301770903	-1.988796188
C010	69	11.21852887	66	-0.661280446	-0.618217352	-0.388659356	-0.301770903	-1.969928057
C010r	70	11.52631653	65	-0.600570181	-0.618217352	-0.552510729	-0.301770903	-2.073069165
F011	71	11.49259936	68	-0.520345903	-0.779241407	-0.552510729	-0.301770903	-2.153868942
F018	72	NA	69	-0.6114113	-0.779241407	-0.552510729	-0.301770903	-2.244934339
F002	73	11.65098244	67	-0.59406551	-0.779241407	-0.593473572	-0.301770903	-2.268551392
C011	74	11.68494893	71	-0.624420643	-0.779241407	-0.593473572	-0.301770903	-2.298906525
F050	75	10.34316458	70	-0.721990711	-0.779241407	-0.593473572	-0.301770903	-2.396476593
C008	76	11.31735334	72	-0.711149593	-0.779241407	-0.593473572	-0.301770903	-2.385635475
F057	77	11.67671515	73	0.149635237	0.589463057	-0.347696513	-0.301770903	0.089630878
F035	78	NA	0	0	0.18690292	-0.511547886	-0.301770903	-0.626415869
F034	79	NA	74	-0.457467414	-0.457193298	-0.593473572	-0.301770903	-1.809905187
F014	80	11.2881614	75	-0.307859975	-0.69872938	-0.511547886	-0.301770903	-1.819908144
F059	81	11.34549988	62	-0.266663724	-0.779241407	-0.593473572	-0.301770903	-1.941149606
C013	82	NA	76	-0.550701035	-0.779241407	-0.347696513	-0.301770903	-1.979409858
F012	83	11.2928367	78	-0.516009455	-0.69872938	-0.552510729	-0.301770903	-2.069020467
F005	84	11.48473314	77	-0.487822546	-0.779241407	-0.552510729	-0.301770903	-2.121345585
F023	85	11.0964172	79	-0.667785118	-0.779241407	-0.470585042	-0.205019926	-2.122631493
F004	86	11.15065154	80	-0.591897286	-0.779241407	-0.470585042	-0.301770903	-2.143494638
F013	87	11.08978231	82	-0.687299131	-0.779241407	-0.593473572	-0.301770903	-2.361785013
F027	88	10.97541872	81	-0.669953341	-0.779241407	-0.593473572	-0.301770903	-2.344439223