NMF_Replicate	L1	L1 %	L2	L2 %	KL Divergence	Correlation	Convergence Iterations
1	8.064	176.805	2.686	95.089	3.098	0.208	80000.0
2	8.377	174.57	2.577	93.986	2.978	0.241	20000.0
3	8.264	176.85	2.8	94.759	3.101	0.217	40000.0
4	8.029	177.111	2.614	94.599	3.068	0.21	40000.0
5	8.581	176.269	2.635	94.62	3.047	0.226	40000.0
6	8.704	177.244	2.815	94.82	3.115	0.217	20000.0
7	8.596	177.489	2.878	95.364	3.106	0.203	40000.0
8	8.297	178.471	2.473	95.301	3.118	0.191	20000.0
9	8.195	177.552	2.727	95.21	3.148	0.2	20000.0
10	8.519	175.212	2.693	94.009	3.0	0.25	20000.0
11	8.845	178.038	2.701	95.055	3.151	0.208	20000.0
12	8.391	176.066	2.637	94.559	3.016	0.229	20000.0
13	8.295	177.445	2.614	94.411	3.012	0.222	20000.0
14	8.484	175.447	2.634	93.874	2.925	0.248	20000.0
15	8.173	175.23	2.601	93.486	2.903	0.265	40000.0
16	7.806	173.332	2.631	93.621	2.977	0.247	40000.0
17	8.355	177.019	2.7	95.146	3.12	0.201	20000.0
18	8.389	177.097	2.592	94.718	3.026	0.214	40000.0
19	8.199	176.083	2.657	94.315	2.951	0.235	20000.0
20	8.265	178.088	2.599	95.489	3.1	0.19	40000.0
21	8.36	178.016	2.73	94.976	3.072	0.202	20000.0
22	8.197	175.371	2.563	93.998	3.044	0.235	20000.0
23	8.235	177.94	2.655	94.469	3.162	0.213	20000.0
24	8.169	174.464	2.616	94.246	3.064	0.238	20000.0
25	8.338	178.337	2.718	95.341	3.098	0.198	20000.0
26	8.358	175.827	2.656	94.611	3.016	0.235	40000.0
27	8.591	176.654	2.872	94.851	3.112	0.22	20000.0
28	8.34	177.903	2.703	94.892	3.106	0.212	60000.0
29	7.8	174.972	2.502	94.07	3.033	0.227	40000.0
30	7.76	175.201	2.469	93.815	3.062	0.23	40000.0
31	8.117	177.719	2.604	95.394	3.104	0.195	20000.0
32	8.84	179.627	2.765	96.234	3.302	0.168	20000.0
33	7.916	175.047	2.427	94.153	2.985	0.229	40000.0
34	8.297	176.878	2.57	94.353	3.068	0.223	40000.0
35	8.424	176.994	2.841	95.067	3.173	0.21	20000.0
36	8.429	179.935	2.692	96.02	3.236	0.169	20000.0
37	8.136	176.544	2.608	94.3	3.002	0.231	40000.0
38	8.28	177.993	2.802	95.629	3.132	0.198	40000.0
39	8.276	178.393	2.57	95.267	3.185	0.193	40000.0
40	7.994	177.757	2.596	94.956	3.185	0.199	40000.0
41	8.566	175.187	2.787	94.384	3.012	0.237	40000.0
42	8.284	176.706	2.637	94.654	3.031	0.223	20000.0
43	8.395	178.189	2.635	94.943	3.09	0.208	20000.0
44	8.903	178.829	2.74	95.515	3.168	0.193	20000.0
45	8.087	175.436	2.677	94.22	3.051	0.228	60000.0
46	8.285	177.411	2.693	95.255	3.093	0.203	40000.0
47	8.271	176.818	2.688	95.109	3.109	0.211	20000.0
48	8.393	178.006	2.737	95.35	3.132	0.198	40000.0
49	8.615	177.672	2.787	94.748	3.12	0.216	20000.0
50	8.268	176.747	2.603	94.649	3.069	0.218	40000.0
51	8.852	178.597	2.852	95.682	3.097	0.196	40000.0
52	7.998	177.198	2.636	94.873	3.054	0.211	20000.0
53	8.364	178.594	2.805	95.416	3.215	0.196	40000.0
54	8.221	175.579	2.564	93.366	2.961	0.259	20000.0
55	7.922	174.87	2.567	94.096	2.983	0.238	40000.0
56	7.942	173.378	2.586	93.772	3.066	0.235	20000.0
57	7.99	174.844	2.727	93.546	2.904	0.258	20000.0
58	8.486	177.953	2.685	95.36	3.187	0.188	20000.0
59	8.89	175.97	2.865	94.19	3.051	0.238	20000.0
60	8.453	176.662	2.844	94.655	2.988	0.228	40000.0
61	7.845	175.765	2.515	93.993	3.07	0.23	20000.0
62	8.703	178.88	2.758	94.84	3.203	0.204	40000.0
63	8.372	175.938	2.691	93.735	3.022	0.253	20000.0
64	8.38	176.606	2.704	93.895	3.097	0.237	20000.0
65	8.135	176.147	2.514	93.761	3.008	0.249	40000.0
66	8.528	175.419	2.729	93.869	3.004	0.254	60000.0
67	8.32	175.518	2.59	94.383	3.005	0.228	60000.0
68	9.184	179.326	2.936	96.783	3.222	0.169	20000.0
69	8.201	175.42	2.683	93.76	3.02	0.251	80000.0
70	8.268	177.563	2.531	94.944	3.137	0.201	40000.0
71	8.245	173.786	2.679	93.903	2.89	0.252	20000.0
72	8.292	177.393	2.58	94.485	3.107	0.217	40000.0
73	8.464	176.973	2.682	94.548	3.065	0.222	20000.0
74	8.59	178.491	2.829	95.498	3.166	0.191	40000.0
75	8.37	177.531	2.754	94.707	3.098	0.215	40000.0
76	8.208	177.582	2.711	94.88	3.155	0.209	80000.0
77	8.175	176.95	2.616	94.665	3.027	0.222	20000.0
78	7.986	176.693	2.518	94.411	3.114	0.214	40000.0
79	8.446	178.351	2.674	95.363	3.073	0.199	80000.0
80	8.062	176.85	2.611	94.9	3.012	0.213	40000.0
81	8.628	177.782	2.836	95.034	3.092	0.214	40000.0
82	8.575	176.664	2.773	94.533	3.043	0.223	20000.0
83	8.484	177.929	2.649	95.002	3.094	0.206	20000.0
84	8.389	176.435	2.68	94.363	2.973	0.227	40000.0
85	8.236	175.751	2.644	94.241	3.044	0.23	40000.0
86	8.421	176.627	2.646	94.274	3.056	0.224	20000.0
87	8.749	176.42	2.757	94.385	3.021	0.237	20000.0
88	8.517	176.925	2.744	94.472	3.029	0.227	60000.0
89	8.229	176.395	2.686	94.474	3.051	0.22	40000.0
90	8.26	173.64	2.75	94.011	3.001	0.246	20000.0
91	7.925	176.232	2.424	93.994	2.979	0.233	20000.0
92	8.332	177.557	2.763	95.089	3.115	0.207	60000.0
93	8.369	176.365	2.774	94.432	3.026	0.226	40000.0
94	9.17	181.311	2.929	96.049	3.204	0.179	20000.0
95	8.437	177.052	2.733	94.202	3.03	0.24	40000.0
96	8.704	178.464	2.774	95.298	3.104	0.208	20000.0
97	8.621	175.848	2.714	94.67	2.986	0.223	20000.0
98	8.874	177.02	2.89	95.003	3.009	0.219	40000.0
99	8.618	178.454	2.901	95.237	3.135	0.204	20000.0
100	8.312	175.018	2.644	93.741	2.99	0.25	20000.0
101	8.383	178.259	2.596	94.893	3.196	0.202	40000.0
102	8.476	176.624	2.799	95.038	3.032	0.217	40000.0
103	8.188	176.777	2.724	94.431	3.043	0.226	20000.0
104	8.795	178.135	2.899	94.984	3.101	0.215	20000.0
105	8.767	177.572	2.789	95.239	3.039	0.209	40000.0
106	8.621	176.755	2.638	94.3	2.99	0.23	40000.0
107	8.422	176.453	2.827	94.481	3.034	0.234	40000.0
108	8.337	176.062	2.644	94.339	3.042	0.224	80000.0
109	8.203	179.882	2.626	95.352	3.246	0.185	20000.0
110	8.535	179.011	2.729	95.615	3.212	0.182	40000.0
111	8.004	173.802	2.631	93.56	2.975	0.261	20000.0
112	8.094	173.252	2.568	93.23	2.951	0.265	60000.0
113	8.529	177.9	2.654	94.763	3.161	0.209	40000.0
114	8.285	173.402	2.677	93.311	2.9	0.269	40000.0
115	8.198	176.93	2.57	94.248	3.008	0.231	20000.0
116	8.345	176.994	2.735	94.943	3.014	0.219	40000.0
117	8.165	177.675	2.702	95.213	3.107	0.201	40000.0
118	8.561	178.141	2.757	95.483	3.08	0.204	20000.0
119	7.873	176.039	2.502	94.022	3.076	0.235	40000.0
120	8.118	176.116	2.62	94.05	3.026	0.241	20000.0
121	8.232	177.472	2.717	95.418	3.139	0.197	20000.0
122	8.112	174.992	2.618	93.815	2.981	0.244	40000.0
123	8.489	179.451	2.766	96.028	3.196	0.174	40000.0
124	8.445	175.385	2.72	94.313	3.056	0.237	60000.0
125	8.276	176.451	2.73	94.964	3.17	0.208	20000.0
126	9.076	180.147	3.009	96.621	3.097	0.178	20000.0
127	8.553	177.796	2.601	94.96	3.099	0.21	40000.0
128	8.246	176.37	2.701	94.153	3.026	0.233	20000.0
129	8.33	176.849	2.515	93.901	3.065	0.239	20000.0
130	8.086	173.785	2.653	93.821	2.997	0.247	20000.0
131	7.915	176.074	2.537	94.786	3.094	0.206	20000.0
132	8.304	175.766	2.592	94.3	3.042	0.227	20000.0
133	8.209	176.941	2.708	94.824	3.035	0.214	20000.0
134	8.414	177.326	2.7	95.346	3.019	0.21	20000.0
135	8.255	175.474	2.56	94.416	3.003	0.23	20000.0
136	8.085	178.284	2.592	94.489	3.024	0.222	20000.0
137	8.426	176.199	2.836	94.842	3.065	0.216	20000.0
138	8.141	177.491	2.538	94.795	3.159	0.203	20000.0
139	8.131	175.676	2.709	94.224	3.018	0.227	40000.0
140	8.473	178.033	2.7	95.913	3.149	0.18	60000.0
141	8.172	174.694	2.682	94.199	2.925	0.24	20000.0
142	8.103	175.25	2.603	94.631	3.03	0.22	20000.0
143	8.578	178.076	2.704	94.99	3.082	0.209	20000.0
144	8.25	177.081	2.678	95.368	3.058	0.201	40000.0
145	8.609	179.622	2.701	95.511	3.152	0.194	20000.0
146	8.488	176.653	2.696	94.456	2.961	0.235	40000.0
147	8.359	177.081	2.674	95.147	3.076	0.205	40000.0
148	8.534	178.093	2.657	95.323	3.111	0.199	20000.0
149	8.429	179.04	2.779	95.267	3.169	0.198	20000.0
150	8.805	177.83	2.869	95.074	3.093	0.209	40000.0
151	8.246	175.483	2.811	95.055	3.09	0.216	40000.0
152	8.174	175.955	2.612	94.008	2.961	0.241	20000.0
153	8.476	178.627	2.754	95.281	3.145	0.203	40000.0
154	8.093	174.163	2.785	94.172	2.976	0.239	40000.0
155	8.923	178.888	2.98	95.763	3.184	0.19	20000.0
156	8.546	177.013	2.82	94.914	3.065	0.22	40000.0
157	8.563	175.293	2.635	93.79	3.014	0.249	20000.0
158	8.383	179.74	2.687	95.336	3.243	0.188	20000.0
159	8.957	179.529	2.842	96.126	3.23	0.183	40000.0
160	8.428	175.002	2.702	93.849	3.025	0.251	20000.0
161	8.497	176.572	2.686	94.95	3.136	0.209	40000.0
162	8.126	175.927	2.791	94.282	3.079	0.234	40000.0
163	7.985	176.294	2.584	93.949	3.025	0.233	20000.0
164	8.373	177.833	2.64	94.822	3.103	0.207	20000.0
165	8.358	177.889	2.488	94.623	3.074	0.208	20000.0
166	8.126	174.742	2.489	93.833	2.963	0.242	40000.0
167	7.695	174.783	2.449	94.143	3.056	0.222	40000.0
168	8.072	176.081	2.575	94.197	3.083	0.228	60000.0
169	8.268	173.491	2.688	93.227	2.936	0.266	20000.0
170	8.512	176.695	2.852	94.967	3.068	0.221	20000.0
171	7.905	176.357	2.604	94.446	3.013	0.216	40000.0
172	8.846	178.1	2.814	95.271	3.138	0.204	20000.0
173	8.587	176.319	2.724	94.335	3.055	0.229	20000.0
174	8.326	176.278	2.698	94.261	3.009	0.234	40000.0
175	9.052	179.002	2.795	95.721	3.18	0.182	80000.0
176	8.519	178.473	2.776	95.452	3.137	0.196	40000.0
177	8.397	179.016	2.776	95.482	3.164	0.192	20000.0
178	8.619	177.428	2.713	95.293	3.053	0.206	20000.0
179	8.382	176.517	2.686	94.145	2.961	0.236	40000.0
180	8.242	175.964	2.72	94.569	3.102	0.227	20000.0
181	8.812	179.789	2.78	95.609	3.197	0.192	20000.0
182	8.189	177.665	2.649	94.645	3.033	0.222	20000.0
183	8.371	177.19	2.671	95.047	3.072	0.208	20000.0
184	8.643	179.285	2.844	95.461	3.115	0.194	40000.0
185	8.356	177.464	2.674	95.338	3.104	0.204	40000.0
186	8.364	178.818	2.665	95.334	3.091	0.205	20000.0
187	8.451	177.097	2.607	94.307	3.068	0.228	40000.0
188	7.719	174.773	2.479	93.22	3.001	0.255	40000.0
189	8.659	177.123	2.738	95.066	3.109	0.205	20000.0
190	8.218	178.869	2.555	95.352	3.147	0.186	40000.0
191	8.384	176.694	2.634	94.787	2.978	0.224	40000.0
192	8.405	178.346	2.666	94.624	3.119	0.211	20000.0
193	8.083	177.757	2.67	94.608	3.145	0.211	20000.0
194	8.339	176.729	2.722	94.885	3.084	0.212	20000.0
195	8.473	177.665	2.818	94.952	3.106	0.213	20000.0
196	8.419	177.188	2.676	94.763	3.092	0.215	20000.0
197	8.878	178.588	2.7	95.584	3.143	0.191	40000.0
198	8.467	175.533	2.707	94.449	3.071	0.227	20000.0
199	8.626	178.096	2.722	94.774	3.16	0.215	60000.0
200	8.675	176.243	2.789	94.595	3.066	0.226	80000.0
