NMF_Replicate	L1	L1 %	L2	L2 %	KL Divergence	Correlation	Convergence Iterations
1	135.113	75.732	20.356	55.867	0.652	0.678	60000.0
2	138.145	72.724	21.338	54.412	0.586	0.712	120000.0
3	140.427	74.406	21.678	55.681	0.606	0.697	140000.0
4	129.33	74.128	18.906	55.116	0.616	0.693	100000.0
5	134.619	76.076	20.04	56.233	0.632	0.681	80000.0
6	131.467	74.796	19.495	55.368	0.62	0.696	80000.0
7	127.388	74.647	18.856	55.054	0.627	0.689	60000.0
8	131.16	75.326	19.449	55.962	0.637	0.687	80000.0
9	134.838	75.437	19.815	55.898	0.625	0.686	60000.0
10	130.234	75.113	19.2	55.551	0.642	0.681	140000.0
11	132.158	73.616	19.237	54.689	0.603	0.706	60000.0
12	138.363	74.791	20.863	55.206	0.615	0.7	60000.0
13	133.823	75.208	19.772	55.566	0.616	0.693	80000.0
14	134.087	73.489	20.071	55.234	0.597	0.704	140000.0
15	129.334	73.586	18.863	54.406	0.609	0.704	60000.0
16	141.806	75.13	21.88	55.89	0.626	0.689	100000.0
17	131.348	74.423	19.286	55.04	0.616	0.697	60000.0
18	131.182	75.474	19.452	55.819	0.634	0.686	60000.0
19	140.931	74.794	21.271	55.533	0.612	0.693	140000.0
20	133.188	74.636	19.735	55.55	0.603	0.693	140000.0
21	130.752	74.866	19.258	55.052	0.615	0.697	100000.0
22	134.6	75.745	19.997	56.201	0.616	0.688	80000.0
23	132.188	75.31	19.584	55.507	0.63	0.693	60000.0
24	132.289	75.176	19.418	55.894	0.619	0.688	100000.0
25	131.873	74.251	19.528	55.51	0.614	0.695	100000.0
26	130.675	74.609	19.476	55.478	0.619	0.691	100000.0
27	129.329	74.287	19.209	54.943	0.609	0.7	100000.0
28	136.098	75.117	20.527	55.868	0.616	0.688	100000.0
29	137.046	75.747	20.677	55.796	0.632	0.688	80000.0
30	130.811	75.242	19.216	55.742	0.618	0.686	120000.0
31	131.685	76.043	19.312	56.231	0.641	0.679	100000.0
32	129.485	73.777	19.352	54.518	0.6	0.708	60000.0
33	131.458	75.067	19.489	55.517	0.616	0.689	80000.0
34	133.635	75.448	19.709	55.795	0.622	0.69	80000.0
35	133.587	75.754	19.651	55.971	0.635	0.687	100000.0
36	129.951	74.769	19.351	55.897	0.613	0.684	120000.0
37	131.725	74.63	19.173	55.582	0.613	0.689	160000.0
38	129.984	75.365	19.31	55.042	0.625	0.698	120000.0
39	138.995	74.316	21.611	55.514	0.616	0.694	60000.0
40	130.259	74.939	19.211	55.64	0.633	0.685	120000.0
41	132.686	74.473	19.468	54.716	0.62	0.702	80000.0
42	135.883	73.792	20.579	55.232	0.595	0.7	120000.0
43	133.052	74.707	19.64	55.284	0.625	0.691	100000.0
44	138.809	74.364	20.976	55.354	0.617	0.697	80000.0
45	139.087	75.059	21.349	55.776	0.617	0.694	80000.0
46	138.195	74.433	20.738	54.959	0.608	0.704	60000.0
47	130.839	74.904	19.234	55.458	0.623	0.691	60000.0
48	130.29	75.747	19.209	56.19	0.633	0.679	100000.0
49	141.13	74.991	21.971	55.768	0.626	0.687	140000.0
50	130.253	75.021	19.008	55.484	0.625	0.683	80000.0
51	130.441	74.349	19.292	55.35	0.624	0.688	100000.0
52	131.992	73.585	19.674	54.632	0.599	0.705	60000.0
53	136.699	75.593	20.645	56.017	0.634	0.686	60000.0
54	128.371	74.777	19.159	55.723	0.622	0.683	80000.0
55	139.42	75.848	21.329	56.184	0.628	0.687	140000.0
56	133.793	76.018	19.973	56.366	0.628	0.682	60000.0
57	132.904	74.215	19.825	55.146	0.617	0.702	120000.0
58	129.663	74.883	19.168	55.458	0.627	0.689	80000.0
59	133.16	74.654	19.784	55.348	0.605	0.698	80000.0
60	128.814	74.645	18.939	55.395	0.629	0.689	80000.0
61	132.157	75.206	19.461	56.08	0.614	0.683	60000.0
62	135.435	74.515	19.935	55.624	0.611	0.689	120000.0
63	133.391	75.376	19.779	55.813	0.642	0.686	120000.0
64	133.388	76.084	19.809	55.913	0.626	0.693	80000.0
65	130.614	74.012	19.504	55.184	0.605	0.693	40000.0
66	131.254	76.013	19.467	55.998	0.641	0.684	100000.0
67	137.921	73.94	21.46	54.907	0.609	0.7	120000.0
68	138.374	75.14	21.09	55.549	0.613	0.698	100000.0
69	134.358	75.949	19.844	55.737	0.636	0.689	180000.0
70	133.56	74.953	19.664	55.707	0.625	0.691	80000.0
71	136.29	75.472	20.548	55.856	0.619	0.69	100000.0
72	134.653	75.522	20.037	55.534	0.628	0.693	140000.0
73	138.148	74.801	21.0	55.52	0.608	0.698	80000.0
74	138.862	74.522	21.352	55.675	0.612	0.693	100000.0
75	133.794	74.617	19.513	54.914	0.603	0.703	140000.0
76	129.445	74.864	19.047	55.831	0.638	0.683	100000.0
77	137.009	73.567	21.074	55.08	0.598	0.699	60000.0
78	129.992	74.915	19.234	55.835	0.623	0.681	120000.0
79	133.327	75.305	19.957	55.77	0.636	0.685	120000.0
80	129.187	73.922	19.234	54.968	0.615	0.695	60000.0
81	135.582	74.344	20.635	55.249	0.615	0.697	120000.0
82	131.464	75.391	19.542	56.224	0.647	0.681	140000.0
83	132.381	73.902	19.945	55.394	0.596	0.697	80000.0
84	132.901	74.76	19.524	55.861	0.615	0.687	60000.0
85	141.289	75.088	21.652	56.399	0.61	0.685	80000.0
86	134.579	74.807	20.092	55.571	0.612	0.692	100000.0
87	134.262	74.15	20.245	55.866	0.611	0.684	80000.0
88	139.048	72.432	21.208	54.43	0.574	0.713	80000.0
89	134.985	74.988	19.937	55.56	0.604	0.696	60000.0
90	131.888	74.479	19.707	55.532	0.62	0.695	80000.0
91	130.807	73.501	19.311	55.136	0.599	0.701	100000.0
92	128.969	74.374	18.851	55.282	0.608	0.694	100000.0
93	134.35	74.999	20.1	55.776	0.631	0.686	160000.0
94	139.686	75.846	21.033	56.194	0.622	0.685	80000.0
95	140.077	74.074	21.082	55.324	0.597	0.698	100000.0
96	130.252	73.9	19.325	54.991	0.608	0.699	100000.0
97	132.702	75.059	20.052	55.846	0.637	0.681	60000.0
98	131.139	75.298	19.506	55.279	0.633	0.692	120000.0
99	130.778	74.884	19.29	55.656	0.631	0.686	60000.0
100	129.793	74.932	19.284	55.526	0.629	0.687	100000.0
101	130.146	74.353	19.303	55.117	0.604	0.697	80000.0
102	131.363	74.291	19.507	55.205	0.61	0.698	60000.0
103	129.637	74.429	19.001	54.985	0.609	0.696	80000.0
104	132.253	74.632	19.654	55.475	0.622	0.691	60000.0
105	129.43	73.828	19.156	54.843	0.604	0.704	180000.0
106	139.912	74.545	21.057	54.904	0.608	0.701	100000.0
107	131.981	75.127	19.593	55.739	0.619	0.69	80000.0
108	130.34	75.004	19.129	55.431	0.633	0.69	80000.0
109	131.664	75.364	19.565	55.967	0.619	0.687	80000.0
110	133.69	73.305	20.142	54.819	0.595	0.702	80000.0
111	129.684	74.546	19.08	55.087	0.614	0.694	40000.0
112	133.238	74.899	19.673	55.574	0.621	0.692	80000.0
113	132.406	75.271	19.575	55.713	0.636	0.689	80000.0
114	132.946	74.925	19.823	55.483	0.633	0.69	80000.0
115	133.533	75.491	19.716	55.829	0.624	0.693	120000.0
116	132.092	73.851	19.53	55.119	0.601	0.7	60000.0
117	134.086	74.24	19.877	55.359	0.597	0.694	60000.0
118	132.929	76.25	19.671	55.792	0.65	0.685	80000.0
119	138.048	74.831	20.626	55.394	0.616	0.695	100000.0
120	129.173	74.656	19.215	55.239	0.629	0.691	80000.0
121	134.09	75.569	19.552	55.555	0.623	0.69	80000.0
122	128.932	73.752	18.858	54.108	0.601	0.709	140000.0
123	131.281	76.123	19.255	56.137	0.639	0.682	80000.0
124	137.339	73.56	20.912	54.73	0.592	0.708	140000.0
125	129.571	73.611	19.229	54.693	0.6	0.703	80000.0
126	131.365	74.169	19.276	55.01	0.604	0.699	80000.0
127	130.616	74.844	19.505	55.834	0.613	0.688	140000.0
128	134.138	75.494	20.292	56.023	0.617	0.689	120000.0
129	132.648	74.86	19.723	55.817	0.629	0.686	80000.0
130	131.381	74.332	19.497	55.574	0.611	0.689	80000.0
131	132.669	75.945	19.964	56.315	0.633	0.681	80000.0
132	130.615	74.983	19.619	56.0	0.629	0.685	100000.0
133	132.397	74.632	19.558	55.407	0.617	0.69	60000.0
134	134.094	75.867	19.781	55.722	0.623	0.691	80000.0
135	137.585	76.192	20.396	55.827	0.633	0.689	80000.0
136	133.841	74.203	20.077	54.93	0.609	0.699	80000.0
137	132.406	73.525	19.58	55.187	0.603	0.697	80000.0
138	130.676	75.051	19.482	56.578	0.625	0.674	80000.0
139	129.718	74.178	19.371	55.427	0.608	0.691	100000.0
140	131.77	75.549	19.36	55.857	0.637	0.683	80000.0
141	132.296	74.465	19.616	55.621	0.61	0.69	80000.0
142	135.898	76.045	19.978	56.317	0.63	0.679	100000.0
143	138.359	74.723	21.214	55.451	0.618	0.696	100000.0
144	134.747	74.664	19.935	55.453	0.607	0.698	100000.0
145	137.158	74.528	20.899	55.617	0.618	0.688	100000.0
146	140.645	75.174	21.264	55.876	0.613	0.691	60000.0
147	133.355	75.194	19.855	55.75	0.624	0.686	60000.0
148	139.483	74.96	20.91	55.755	0.611	0.69	80000.0
149	131.06	72.893	19.47	53.887	0.602	0.715	80000.0
150	137.449	73.738	20.954	54.858	0.605	0.706	100000.0
151	138.634	74.527	21.23	55.324	0.616	0.696	60000.0
152	131.204	75.083	19.311	55.324	0.636	0.687	100000.0
153	132.075	74.309	19.467	55.099	0.622	0.696	100000.0
154	130.462	75.105	18.948	55.321	0.627	0.684	120000.0
155	128.988	75.201	18.988	55.291	0.632	0.691	100000.0
156	131.706	75.397	19.362	55.583	0.619	0.69	80000.0
157	139.003	74.458	21.479	55.463	0.616	0.694	100000.0
158	131.622	75.006	19.385	55.469	0.616	0.691	140000.0
159	131.408	75.132	19.391	55.549	0.625	0.687	80000.0
160	135.462	75.705	20.484	55.728	0.627	0.695	100000.0
161	135.992	75.399	20.277	56.561	0.632	0.678	100000.0
162	140.708	74.196	21.204	55.502	0.596	0.695	60000.0
163	132.972	74.371	19.527	54.933	0.598	0.703	60000.0
164	128.336	73.568	19.019	54.9	0.61	0.699	60000.0
165	131.959	74.993	19.61	55.09	0.623	0.698	60000.0
166	132.467	75.626	19.51	55.417	0.641	0.692	100000.0
167	132.872	75.844	20.042	55.912	0.662	0.681	80000.0
168	136.059	74.748	20.504	55.359	0.604	0.695	100000.0
169	131.281	73.76	19.618	55.169	0.604	0.698	100000.0
170	138.945	74.74	21.11	55.393	0.619	0.699	80000.0
171	131.922	74.336	19.426	55.405	0.598	0.695	80000.0
172	134.794	75.26	20.13	55.886	0.614	0.69	120000.0
173	134.033	75.209	20.204	56.051	0.629	0.687	100000.0
174	131.466	74.804	19.288	55.444	0.612	0.691	60000.0
175	131.932	76.857	19.652	56.472	0.651	0.676	100000.0
176	130.979	74.673	19.232	55.001	0.598	0.698	100000.0
177	131.324	74.459	19.241	54.857	0.633	0.695	120000.0
178	135.52	75.644	20.176	56.071	0.624	0.685	40000.0
179	130.847	74.502	19.494	55.487	0.63	0.692	100000.0
180	139.502	74.137	21.477	54.925	0.619	0.699	60000.0
181	138.74	74.059	21.027	55.089	0.589	0.707	80000.0
182	132.541	74.363	19.624	55.738	0.608	0.687	80000.0
183	138.139	74.452	21.084	55.079	0.616	0.697	80000.0
184	132.728	74.932	19.52	55.675	0.63	0.693	100000.0
185	133.986	76.617	19.73	56.401	0.643	0.674	60000.0
186	131.167	74.536	19.179	55.515	0.611	0.69	120000.0
187	140.159	74.805	21.576	55.634	0.617	0.699	80000.0
188	133.007	75.258	19.584	55.486	0.627	0.69	60000.0
189	133.981	74.996	19.849	55.552	0.612	0.69	80000.0
190	134.425	74.801	20.186	55.953	0.604	0.693	100000.0
191	130.949	74.943	19.104	55.839	0.617	0.682	60000.0
192	134.618	75.63	19.875	56.019	0.62	0.683	120000.0
193	130.703	73.932	19.42	54.696	0.605	0.703	80000.0
194	135.896	73.261	20.78	54.533	0.608	0.702	80000.0
195	131.846	74.688	19.491	55.565	0.606	0.693	80000.0
196	134.702	73.969	20.498	55.193	0.614	0.698	60000.0
197	131.879	74.365	19.908	55.058	0.596	0.705	100000.0
198	132.373	73.886	19.864	55.337	0.605	0.692	60000.0
199	131.97	74.647	19.576	55.297	0.618	0.695	80000.0
200	133.455	74.269	19.794	55.209	0.601	0.702	60000.0
