MutationType	SBS96A	SBS96B	SBS96C	SBS96D	SBS96E	SBS96F	SBS96G	SBS96H
A[C>A]A	0.004689796631754462	0.010566928502521477	0.008483923479454916	0.022187443506695673	0.005869580061459487	0.03903913403861225	0.008028256644652175	0.020751605548093723
A[C>A]C	0.013758895619754803	0.03300786145147867	0.027072296219043893	0.008984596113987301	0.002461586358159877	0.016118548144586384	0.004680340181409122	0.014325106027953324
A[C>A]G	0.00010272338791395442	0.0008528309795428867	0.004141385342026069	0.0027989759274238326	0.003865740228610548	0.008817642731009982	0.01872502352828519	0.0029269989987926693
A[C>A]T	0.0008392905675282237	0.01900787906721234	0.008712123506594765	0.018464578318526038	0.002436364955751742	0.0211477417498827	0.00493991723660244	0.00800269701302227
A[C>G]A	0.004289849950705573	0.002501363261571612	0.010509231453973235	0.03573446523398161	0.001955557245616646	0.014544354224344715	0.00499017280512018	0.014192984733706879
A[C>G]C	0.006332751218142221	0.0014582214965379648	0.005788835856069454	0.015166318900883198	0.0020531604059013373	0.007537041799223516	0.004645255371045494	0.0035580761332964527
A[C>G]G	1.497568036480601e-05	0.0005718605944812793	0.0062074685436275786	0.0009497186736899721	0.0005493492702739733	0.01893272418487314	0.048664908278953194	0.004349191934619159
A[C>G]T	0.006092377615097462	0.003940210254029353	0.009427029813348326	0.04726757870987058	0.0030785521733183428	0.010973346191397013	0.00791336200700698	0.0055060443791317935
A[C>T]A	0.034862450616201385	0.004083218871337522	0.017495524558762555	0.03965355119202286	0.04331248188856989	0.03375510406680405	0.00804158024667242	0.046663658720208334
A[C>T]C	0.03231942223617807	0.005609335473569828	0.009447353727499035	0.009819915590688903	0.021456812554679346	0.0025599370346947124	0.006716385141671708	0.017530724073522325
A[C>T]G	0.0025490180789206392	0.007216244143819495	0.007123362197840208	0.003849568057133995	0.09227090245112776	0.037435960683505985	0.03463310954698727	0.008998135163328697
A[C>T]T	0.03485593903576955	0.004422488960699411	0.011930920125937518	0.016757509267418414	0.028884792366297915	0.008141822467732708	0.013375851734099341	0.017760589767333256
A[T>A]A	0.007659892258557761	0.0042516918452747635	0.009917945322705748	0.008923885508074818	0.0033410617256191878	0.005043185566327963	0.002911380133531054	0.010418335320478036
A[T>A]C	0.006044560410607573	0.006638366912739002	0.007655813311658335	0.0036995477483860385	0.002088554780512908	0.0021978722845369704	0.007692748479894362	0.0034553905839392663
A[T>A]G	0.004341462432406616	0.002846250149450498	0.007308278788128746	0.007966104313951075	0.008456624764949083	0.0026971321368182543	0.002731417411979171	0.0035798156019143457
A[T>A]T	0.006744276980719535	0.007237585078983102	0.009036558864940787	0.009090047268909985	0.004229713985100431	0.007132898858180851	0.009489969358110101	0.021163388483160007
A[T>C]A	0.03893816665862687	0.0021956012427857274	0.020680675286857877	0.015399132504890077	0.027656459807294597	0.0038539136340114055	0.01732938237255439	0.05113314264686778
A[T>C]C	0.017803445991456782	0.0021407791544334033	0.012173329915385693	0.009608394521353744	0.006539781395531463	0.0032075699098641055	0.003180561893665257	0.007376443172596687
A[T>C]G	0.028760389637900518	0.0018474501579157732	0.012116412861471986	0.008731703055752008	0.014583467824167543	0.0014751218807688106	0.012340073845290362	0.018041584324413405
A[T>C]T	0.05749130580574274	0.002195101951010272	0.017844588926195684	0.015000854216003176	0.03685936020454392	0.0019019554359215362	0.012313966005785347	0.017570223256889932
A[T>G]A	0.0038980948150594942	0.0016700498808043562	0.003883655972705634	0.00798859118802511	0.0038321533975442888	0.0013676126109930919	0.009821608642523643	0.014136192235990847
A[T>G]C	0.002449200621792684	0.0023474711048766038	0.001811298590141308	0.0024213431526302997	0.0017018584058089963	1.727804452407611e-05	0.003924302415107377	0.005497068190086125
A[T>G]G	0.0022626716187755134	0.001745762965222184	0.006512539232108167	0.0035488603169333997	0.0038817796893289725	0.0011961851297070324	0.003697186466142739	0.03164353365762509
A[T>G]T	0.011200687111055459	0.001804766914491438	0.007760074439187292	0.014944467836694458	0.002312147244946843	0.00010388885264546844	0.017535986585426145	0.012143967933155829
C[C>A]A	0.003281565887606348	0.016537028914899565	0.01287031746267303	0.005099092436830404	0.007332035828076186	0.05000884803012014	0.010329074529424815	0.005316462137721434
C[C>A]C	0.009273000066168607	0.013450691043399274	0.01336529769760091	0.004162538639731814	0.0021208564189481647	0.013960353195434436	0.012480398091720418	0.005752656293332667
C[C>A]G	0.0013596563549086228	0.0024102304882444516	0.0031240324191912803	0.00175781913371452	0.004999313552491458	0.006860869975706691	0.014367484168495039	0.0022623904848919894
C[C>A]T	4.352891941380221e-05	0.033842884885911674	0.027327450395877265	0.006214302397597891	0.00025401290077638807	0.02251864975783974	0.007715732781676934	0.0016311350847194107
C[C>G]A	0.0017244582303823108	0.0022519991001536256	0.0036022956529346574	0.018653646191814914	0.0009951306902358681	0.004746209756995086	0.0072477216683830845	0.008541223621666611
C[C>G]C	0.0028636036156586895	0.004485666067048442	0.004001612908323296	0.005771475324059523	0.0016574274290464075	0.0054477688185579605	0.008940982150961644	0.002966242706290032
C[C>G]G	0.0002873347597962272	0.0014384011179701872	0.001741670181700883	0.0029750806876455015	0.00035957296140819216	0.0035373043645683566	0.008498023395767192	0.0012362989887826359
C[C>G]T	0.006389556726962837	0.01030651328561362	0.008957610602442401	0.017570960209122858	0.001941585463852107	0.0040401262172736095	0.009731393650590779	0.005959199087323163
C[C>T]A	0.02806538333883509	0.0370324644073844	0.008143849447243508	0.024697431563606074	0.028272342996206134	0.01087890462615178	0.01412473214014767	0.007707904121203626
C[C>T]C	0.017385821220473476	0.1639931309968233	0.02607467071609648	0.004395425251537315	0.010542237895465122	0.0014515669379358087	0.002841870195945404	0.00620583461793197
C[C>T]G	0.005928581877792712	0.006496739496151349	0.007172954254854176	0.005467030789750424	0.09753056224435568	0.027841220254194922	0.01109814348428273	0.010395018459315513
C[C>T]T	0.03212571545736864	0.14431157127022742	0.013318567131818781	0.0033152652667320127	0.02620862835319713	0.005353873428393854	0.009100111970751642	0.016877638015795816
C[T>A]A	0.0018152702273440014	0.019960657530582467	0.010192430614891208	0.0062228326138776425	5.244410283530954e-05	0.0011968335419781085	0.001955177283523284	0.001121347689687432
C[T>A]C	0.0007061542189934756	0.021673743438963698	0.020384456466394668	0.0016219957312864608	0.0026484701775481767	0.0004879182991794551	0.008847453487614985	0.0022080052514351677
C[T>A]G	0.000812276285161318	0.025850205218303016	0.017756516004649257	0.0022007492805266793	0.0025199907408638466	0.006605620954578626	0.004216024144944228	0.0022267604210031776
C[T>A]T	0.0001532592802804842	0.03875969495921041	0.0256987654666451	0.005871500665363953	7.565336336782913e-05	0.0009595917046689628	0.020074182867538183	0.0015224041736621383
C[T>C]A	0.0138453671654338	0.004311969267437234	0.010515984760407946	0.00531905140674894	0.003845274333143607	0.002928430266356372	0.006935777730682276	0.014768055910305193
C[T>C]C	0.011922274325042963	0.009847062485059723	0.009446830060146022	0.006889346793411732	0.0011350469641207498	0.006190143603089382	0.01469999760389328	0.003768458387589959
C[T>C]G	0.01847287721640896	0.004296515901369275	0.015610590162104927	0.007351747305718846	0.010622779163495579	0.003932235558258981	0.010302460092643741	0.009194320968070855
C[T>C]T	0.01693292246258352	0.004507881688477937	0.017338112302240916	0.010495755406591343	0.01011032908696393	0.0038204729543213035	0.054290900444611906	0.026361533243907616
C[T>G]A	0.001634610705458428	0.002430683738020889	0.004043193796306355	0.0030282415453459065	0.0009037685685103725	0.0006621500559811011	0.005005630319301684	0.005754805098206504
C[T>G]C	0.0004963074047000759	0.0008841798617550011	0.002584877342393739	0.006276432031604599	0.0019247710773618908	2.7704654215199296e-09	0.00729455260647228	0.0009663257536549708
C[T>G]G	0.0013302854501861105	0.003263523365773935	0.007961023240840462	0.003957699618388659	6.405595781608042e-05	0.00648299203341594	0.008603928093943978	0.00429119626341393
C[T>G]T	0.004412658545706023	0.002296811857259513	0.005034116602118104	0.0023304752892011763	8.212169683726955e-05	0.0009828133148141285	0.10990296033211053	0.0034668808071632285
G[C>A]A	0.006554070260496374	0.017117905285892902	0.021669439804969954	0.0011196456490756646	0.0044917314183730295	0.09092776514589787	0.00451797486457707	0.004607618163522909
G[C>A]C	0.005725323577730705	0.03518578878647531	0.027662607206739267	0.004551726774647591	0.009037940189718938	0.006507022563528153	0.0015155048071748612	0.002288951895244029
G[C>A]G	0.0014483322915461905	0.000925859300967602	0.0017628850563382059	0.003689082671703545	0.0017753316962103196	0.0072340235224692155	0.005726304824293038	0.004805694674390111
G[C>A]T	0.0021033341433209785	0.007224650622764557	0.008938646469835164	0.008948331709170816	0.0002438815577607939	0.05242632102221251	0.0013839230458869167	0.0047634184216226805
G[C>G]A	0.0005284783927948666	0.0015020845723313415	0.005997892692981352	0.017006395496428014	5.662835155531454e-05	0.002524901248610547	0.005407057937554214	0.0018220375893113782
G[C>G]C	0.0014680417674916768	0.01287939713133568	0.019187697675185404	0.00896742674799782	8.376615904364115e-06	0.0034927410559032522	0.0007734635206037411	0.00275772144095205
G[C>G]G	0.0006583153014206289	0.00032077163961872655	0.0014598130847831925	0.0004637490003688782	0.0010778882721123129	0.0021699604982991618	0.005995171085065181	0.0012874588482927152
G[C>G]T	0.0031428415593087776	0.009224844776277337	0.009955107103537556	0.018045381574484053	4.415997353760304e-05	0.002578747306698688	0.01476768040418392	0.0045508849697871055
G[C>T]A	0.031527852173894644	0.011894690277986229	0.018884956136713517	0.028701862852933573	0.022246587138506583	0.003948551291032345	0.004142246074550258	0.007672153218069795
G[C>T]C	0.035717685150448236	0.0068970508619531756	0.020305816451449913	0.018282668552519685	0.020086293299135038	0.01421982858562842	0.0018128643703222468	0.011641872616425034
G[C>T]G	0.004037903559335802	0.0028982577989700078	0.008427759950295695	0.001023464938698453	0.0861230135988444	0.01564711686147689	0.014264050632536112	0.009180217916516398
G[C>T]T	0.03284362627658993	0.005738323285149818	0.02097842587681953	0.020255198492779868	0.029226968311704696	0.005450180630650721	0.0074403840006161915	0.013141949434331082
G[T>A]A	0.00038449936604592947	0.0016891270868913467	0.004636359331774145	0.00772869774746141	0.004945061085462328	0.004230349885965552	0.001495184266781564	0.004325006468333328
G[T>A]C	0.00034002304912409185	0.004224009062043166	0.006496111489852261	0.0044629493255871466	0.00032273945282999426	0.002902422186742086	0.004202724119403314	0.002632783649380519
G[T>A]G	0.0006929611302052052	0.0017404143987187126	0.005484693557713456	0.008023608816547494	0.002870982467253178	0.0010594173555038822	0.0015209142675042385	0.004072299783659545
G[T>A]T	0.002535285075603326	0.002420910323521639	0.003587594413777424	0.007289341929081274	0.004571335740214977	0.003312453696681814	0.011082624056143686	0.0037704496939922195
G[T>C]A	0.017034855285892263	0.0017790401738977835	0.007467053042519183	0.006107838964325651	0.007189114336199509	0.0019574713393285493	0.006176866136665921	0.017693015844711227
G[T>C]C	0.009583345126624182	0.006897274943989515	0.020434676013421436	0.004197453206353572	0.00028582686485699503	0.0021594786209688977	0.0011458242062618992	0.002299793482532868
G[T>C]G	0.012386176231821366	0.0021007583051107304	0.0036319712681102583	0.005878488443566425	0.006417532465679016	0.002991631283748575	0.003983580703661573	0.01847675863414537
G[T>C]T	0.020612252224236727	0.002459978757560748	0.010042042855186537	0.007945900062211422	0.002666582591554203	0.002373484461306816	0.015617190999910236	0.010799846189782726
G[T>G]A	0.002198552472983906	0.0004960266138473202	0.002183282882912785	0.0038705135105056286	0.00016642368542484575	0.002217163920229268	0.0033530960576599964	0.006102679797601809
G[T>G]C	0.00015925916619029755	0.003196945980596838	0.006226614164052933	0.0005275605303963804	0.00030528356779301546	0.0009234590572199508	0.005860516453706169	0.0038056570759883003
G[T>G]G	0.00038774189164556103	0.0018572192852298031	0.004269418139642767	0.005549330502946645	0.002041776907458264	0.005265436640038388	0.005447816450305254	0.005855866923672011
G[T>G]T	0.0027769927277594775	0.0020513350372493733	0.002539791523460053	0.007444431894282957	0.0021216777506211314	0.0032915002944355364	0.026172063590493053	0.006091018778880368
T[C>A]A	0.008297338435804704	0.013497246864608315	0.010990367528017374	0.0073564046716637676	0.0067968315929147136	0.056984516903758047	0.00676861715957358	0.008496601528194815
T[C>A]C	0.009017692476772936	0.013468059051956516	0.017559026573144364	0.009688619096414523	0.007770943458793909	0.021136179068125784	0.006985665296370387	0.006005629110069653
T[C>A]G	5.5578994914888826e-05	0.0006869041581587254	0.002195806859860063	0.0013139876160271058	0.0007214842288058421	0.008890236585284584	0.00414766911390231	0.0010457611797227706
T[C>A]T	0.007231648931300327	0.02472552895080298	0.005464847733080376	0.007153522850487554	0.00375859948461823	0.09939497359097003	0.011724291540278636	0.003276194173646161
T[C>G]A	0.005590987484942787	0.0015356911632071486	0.014236915188375861	0.031218546310199144	0.0023307489135285663	0.0052408750740755745	0.0068575312340328765	0.00397983485606332
T[C>G]C	0.007006826555293628	0.003060734103441973	0.010094895263027865	0.008990844083830324	0.0009124468637838135	0.006030178569219515	0.00985197079103159	0.003813219633596745
T[C>G]G	0.0002816009735413871	0.0004477562340156283	0.0025671152149876874	0.0007793058213226622	0.0008388492213741827	0.010114736153197867	0.01741991809951422	0.0031436563727714885
T[C>G]T	0.012388376906888397	0.014123972973320633	0.01542877776641376	0.058469689397607	0.0006737719935532738	0.00654129829381418	0.012112377351648149	0.012526824191070532
T[C>T]A	0.027187593356647995	0.008863890252578131	0.01577805964431377	0.023787987476098352	0.033204816742800174	0.00878821425314527	0.011119401914431453	0.01445479218996752
T[C>T]C	0.03528359613206703	0.014102845827583223	0.014972285128625912	0.011153383508403038	0.030461577337700874	0.0066389664492453445	0.005211336878583452	0.020786561395806303
T[C>T]G	0.0022403238759213196	0.001666467039467534	0.004670167441108503	0.0031596995244308345	0.06045393574982882	0.02172956779366359	0.008629533308783834	0.01093228516635577
T[C>T]T	0.03317267130012624	0.02245041207410395	0.011944597770928454	0.016915953771922433	0.022376533072729216	0.00830616686725989	0.008461001031152477	0.02828190169064328
T[T>A]A	0.011785879826347809	0.007351004153606482	0.01101904823884979	0.006021475991483385	0.016407005626075204	0.006147098078184854	0.0037257111465940794	0.02420673266033191
T[T>A]C	0.0032097586872259854	0.0032563684697285568	0.010382655034114808	0.00809106562594252	0.0023349097957202324	0.004709510181783116	0.00813736592755049	0.0022821114030068656
T[T>A]G	0.0016775575472616567	0.002010314776271116	0.005491320058969223	0.0058422056004008025	0.0023181707350496696	0.002333009967675821	0.006378261114626867	0.004123240941575333
T[T>A]T	0.01618026877338707	0.002653310316909483	0.009817866713330322	0.011943301548715795	0.00721942213135236	0.009026450071542059	0.0173188358124753	0.015323739032017726
T[T>C]A	0.01967733486671932	0.004905906813364709	0.010172201610839694	0.014823313441302161	0.008982856036748216	0.004170829747235985	0.01173809445455845	0.015478384947101347
T[T>C]C	0.02137783682999725	0.0013871928884327644	0.012617759845561523	0.005530376955900352	0.001733434100089326	0.003856615296827499	0.0038727575755103773	0.027365938007367845
T[T>C]G	0.01806364204036072	0.0015134644041881985	0.009852230624388243	0.012684540248903033	0.007661565240959903	0.0037151918860763543	0.0032737405187248216	0.007636001615728328
T[T>C]T	0.02860047229914926	0.0015766821501756567	0.014213625991701805	0.022731052029885176	0.019231116240042638	0.008617525475419824	0.004997963320020063	0.03127840426234414
T[T>G]A	0.007673750114262532	0.0015902456885100945	0.005966485146869047	0.007548352995290863	0.0025962910336424015	0.005080134917661781	0.0036554764809898182	0.01626590248404618
T[T>G]C	0.001618789299010075	0.0005942480742692879	0.004048499607910117	0.00519121195677144	0.001825939625303974	0.001677264156683904	0.0034829478705887596	0.006516592570440949
T[T>G]G	0.004969544543542668	0.00413009207783034	0.005528246528792522	0.004421289718405888	0.004984594297305875	0.004708903588762041	0.0058014276102312575	0.02403132137882494
T[T>G]T	0.012999072815728142	0.002879433006837644	0.013448684776885784	0.02449977554148063	0.006204766413720791	0.006257247777430166	0.02759562627179548	0.043076219345239225
