MutationType	SBS96A	SBS96B	SBS96C	SBS96D	SBS96E	SBS96F	SBS96G	SBS96H
A[C>A]A	3.57E-04	3.20E-04	5.85E-04	7.07E-04	4.01E-04	5.13E-04	3.71E-04	1.00E-03
A[C>A]C	4.35E-04	6.33E-04	1.12E-03	5.09E-04	2.74E-04	3.08E-04	2.73E-04	7.14E-04
A[C>A]G	3.44E-05	7.23E-05	4.34E-04	2.84E-04	2.34E-04	2.77E-04	4.62E-04	4.22E-04
A[C>A]T	1.51E-04	3.20E-04	5.71E-04	5.40E-04	2.26E-04	3.68E-04	2.88E-04	5.52E-04
A[C>G]A	3.48E-04	1.41E-04	5.41E-04	8.29E-04	2.10E-04	3.42E-04	3.68E-04	8.88E-04
A[C>G]C	3.00E-04	1.04E-04	3.43E-04	4.54E-04	1.59E-04	2.25E-04	2.59E-04	3.70E-04
A[C>G]G	1.11E-05	8.15E-05	1.43E-03	5.48E-04	3.35E-04	7.85E-04	1.51E-03	1.22E-03
A[C>G]T	4.88E-04	2.40E-04	6.83E-04	7.57E-04	2.82E-04	4.04E-04	4.33E-04	7.06E-04
A[C>T]A	8.66E-04	3.92E-04	9.98E-04	9.77E-04	8.05E-04	5.48E-04	5.17E-04	1.70E-03
A[C>T]C	6.27E-04	3.04E-04	7.76E-04	5.61E-04	5.90E-04	2.14E-04	3.37E-04	9.59E-04
A[C>T]G	4.34E-04	4.22E-04	1.26E-03	5.99E-04	1.32E-03	9.57E-04	1.11E-03	1.24E-03
A[C>T]T	5.92E-04	2.72E-04	9.37E-04	6.50E-04	5.88E-04	3.04E-04	4.40E-04	1.01E-03
A[T>A]A	4.04E-04	1.76E-04	5.01E-04	4.86E-04	2.95E-04	2.30E-04	1.94E-04	7.53E-04
A[T>A]C	2.56E-04	1.89E-04	3.69E-04	2.68E-04	1.56E-04	1.26E-04	2.22E-04	3.23E-04
A[T>A]G	2.11E-04	1.22E-04	3.11E-04	3.13E-04	2.55E-04	1.48E-04	1.84E-04	3.48E-04
A[T>A]T	3.52E-04	1.85E-04	6.21E-04	4.38E-04	3.02E-04	2.85E-04	3.61E-04	8.88E-04
A[T>C]A	7.42E-04	1.73E-04	1.02E-03	7.34E-04	6.62E-04	2.66E-04	6.43E-04	1.50E-03
A[T>C]C	4.22E-04	1.16E-04	5.49E-04	4.36E-04	3.45E-04	1.57E-04	2.02E-04	6.29E-04
A[T>C]G	6.02E-04	1.44E-04	7.17E-04	5.54E-04	4.54E-04	1.37E-04	3.53E-04	9.05E-04
A[T>C]T	9.08E-04	1.99E-04	1.17E-03	9.13E-04	7.81E-04	1.82E-04	6.19E-04	1.45E-03
A[T>G]A	2.70E-04	1.03E-04	4.26E-04	4.07E-04	2.19E-04	1.04E-04	2.65E-04	7.51E-04
A[T>G]C	1.67E-04	8.30E-05	1.48E-04	1.66E-04	1.36E-04	9.20E-06	1.62E-04	3.56E-04
A[T>G]G	3.07E-04	1.01E-04	5.24E-04	4.67E-04	2.78E-04	1.20E-04	2.87E-04	1.41E-03
A[T>G]T	4.91E-04	1.13E-04	5.71E-04	5.77E-04	2.20E-04	2.94E-05	3.86E-04	8.44E-04
C[C>A]A	3.17E-04	4.25E-04	6.71E-04	3.86E-04	3.36E-04	5.27E-04	3.90E-04	5.01E-04
C[C>A]C	2.87E-04	2.63E-04	4.46E-04	3.13E-04	1.73E-04	2.84E-04	3.05E-04	4.69E-04
C[C>A]G	1.42E-04	1.19E-04	4.43E-04	2.00E-04	2.35E-04	2.61E-04	4.77E-04	4.07E-04
C[C>A]T	2.40E-05	8.88E-04	1.53E-03	4.59E-04	1.06E-04	3.92E-04	3.26E-04	3.18E-04
C[C>G]A	1.89E-04	1.17E-04	3.39E-04	5.26E-04	9.21E-05	2.07E-04	2.82E-04	6.35E-04
C[C>G]C	2.03E-04	1.37E-04	2.82E-04	2.70E-04	1.28E-04	1.89E-04	2.33E-04	3.08E-04
C[C>G]G	4.78E-05	8.01E-05	3.07E-04	1.72E-04	8.70E-05	2.32E-04	3.24E-04	2.54E-04
C[C>G]T	3.01E-04	2.05E-04	4.07E-04	4.27E-04	2.08E-04	1.80E-04	3.01E-04	5.12E-04
C[C>T]A	6.70E-04	8.20E-04	8.37E-04	7.07E-04	6.30E-04	3.40E-04	4.60E-04	8.07E-04
C[C>T]C	7.73E-04	1.43E-03	2.23E-03	4.88E-04	6.47E-04	2.16E-04	3.30E-04	7.26E-04
C[C>T]G	5.92E-04	4.05E-04	8.27E-04	4.63E-04	1.12E-03	7.15E-04	7.06E-04	1.04E-03
C[C>T]T	1.06E-03	1.74E-03	1.74E-03	4.65E-04	8.13E-04	3.94E-04	4.73E-04	1.06E-03
C[T>A]A	1.68E-04	4.48E-04	6.00E-04	3.03E-04	3.85E-05	1.08E-04	1.26E-04	1.85E-04
C[T>A]C	1.35E-04	5.85E-04	1.00E-03	2.34E-04	1.80E-04	7.92E-05	2.76E-04	2.70E-04
C[T>A]G	9.80E-05	6.08E-04	9.92E-04	1.95E-04	1.82E-04	2.25E-04	2.11E-04	2.42E-04
C[T>A]T	4.76E-05	9.88E-04	1.56E-03	3.69E-04	3.68E-05	1.20E-04	3.62E-04	2.92E-04
C[T>C]A	4.01E-04	1.36E-04	4.41E-04	3.71E-04	2.79E-04	1.89E-04	2.80E-04	7.83E-04
C[T>C]C	3.04E-04	2.29E-04	4.72E-04	3.76E-04	1.38E-04	2.22E-04	3.57E-04	4.19E-04
C[T>C]G	4.14E-04	1.86E-04	5.12E-04	4.16E-04	3.59E-04	2.13E-04	3.34E-04	6.14E-04
C[T>C]T	5.41E-04	2.13E-04	8.04E-04	5.87E-04	4.45E-04	2.26E-04	9.44E-04	1.15E-03
C[T>G]A	1.25E-04	1.01E-04	2.51E-04	2.02E-04	9.05E-05	7.08E-05	2.23E-04	3.60E-04
C[T>G]C	7.46E-05	6.18E-05	1.85E-04	2.40E-04	1.05E-04	2.42E-09	2.30E-04	1.55E-04
C[T>G]G	1.42E-04	1.59E-04	3.31E-04	2.39E-04	2.79E-05	1.96E-04	2.51E-04	3.38E-04
C[T>G]T	3.62E-04	1.51E-04	4.95E-04	3.09E-04	4.24E-05	1.68E-04	1.28E-03	9.28E-04
G[C>A]A	3.93E-04	6.40E-04	1.01E-03	2.08E-04	3.48E-04	9.40E-04	3.65E-04	4.84E-04
G[C>A]C	3.23E-04	6.62E-04	1.18E-03	3.63E-04	3.65E-04	2.67E-04	1.63E-04	3.50E-04
G[C>A]G	1.33E-04	7.38E-05	2.16E-04	2.14E-04	1.42E-04	1.88E-04	2.12E-04	3.29E-04
G[C>A]T	1.75E-04	3.30E-04	4.68E-04	3.52E-04	9.63E-05	4.87E-04	1.61E-04	3.82E-04
G[C>G]A	9.22E-05	9.45E-05	3.44E-04	4.30E-04	4.88E-05	1.73E-04	2.46E-04	2.84E-04
G[C>G]C	1.73E-04	4.83E-04	9.62E-04	4.10E-04	5.94E-06	1.85E-04	1.10E-04	3.05E-04
G[C>G]G	5.94E-05	3.81E-05	1.96E-04	7.77E-05	9.27E-05	1.42E-04	2.34E-04	1.99E-04
G[C>G]T	2.66E-04	2.29E-04	4.34E-04	4.33E-04	2.74E-05	1.72E-04	3.57E-04	4.27E-04
G[C>T]A	6.16E-04	2.45E-04	7.62E-04	7.37E-04	6.09E-04	2.21E-04	3.17E-04	8.06E-04
G[C>T]C	7.61E-04	2.45E-04	9.12E-04	7.88E-04	5.71E-04	3.74E-04	2.75E-04	9.47E-04
G[C>T]G	5.67E-04	2.39E-04	7.04E-04	2.54E-04	1.11E-03	5.00E-04	6.71E-04	9.01E-04
G[C>T]T	6.75E-04	2.00E-04	9.63E-04	8.39E-04	6.78E-04	2.92E-04	4.04E-04	9.55E-04
G[T>A]A	7.49E-05	1.01E-04	2.97E-04	3.03E-04	2.21E-04	1.84E-04	1.40E-04	4.45E-04
G[T>A]C	5.49E-05	1.67E-04	3.35E-04	2.42E-04	7.71E-05	1.45E-04	1.72E-04	2.53E-04
G[T>A]G	1.06E-04	1.03E-04	3.20E-04	3.53E-04	2.15E-04	9.79E-05	1.26E-04	3.77E-04
G[T>A]T	1.99E-04	1.07E-04	2.68E-04	3.13E-04	2.33E-04	1.56E-04	2.81E-04	4.18E-04
G[T>C]A	4.30E-04	1.26E-04	5.38E-04	3.98E-04	3.66E-04	1.38E-04	3.44E-04	8.84E-04
G[T>C]C	3.26E-04	4.31E-04	8.55E-04	3.33E-04	6.05E-05	1.40E-04	1.16E-04	3.00E-04
G[T>C]G	4.07E-04	1.48E-04	3.97E-04	4.47E-04	3.47E-04	1.52E-04	2.71E-04	9.15E-04
G[T>C]T	4.57E-04	1.21E-04	4.99E-04	4.13E-04	2.52E-04	1.68E-04	3.75E-04	7.30E-04
G[T>G]A	1.75E-04	4.16E-05	1.68E-04	2.35E-04	5.19E-05	1.15E-04	1.59E-04	3.60E-04
G[T>G]C	4.04E-05	1.56E-04	3.33E-04	9.86E-05	5.52E-05	9.56E-05	2.12E-04	2.58E-04
G[T>G]G	9.20E-05	1.04E-04	2.67E-04	3.05E-04	1.31E-04	1.68E-04	2.17E-04	3.87E-04
G[T>G]T	2.01E-04	1.24E-04	2.74E-04	3.31E-04	1.82E-04	1.67E-04	4.27E-04	4.54E-04
T[C>A]A	4.18E-04	3.76E-04	5.93E-04	4.83E-04	3.81E-04	6.25E-04	3.73E-04	6.59E-04
T[C>A]C	3.44E-04	3.06E-04	5.39E-04	4.04E-04	3.28E-04	3.24E-04	2.93E-04	4.75E-04
T[C>A]G	1.42E-05	5.70E-05	1.81E-04	1.20E-04	1.17E-04	2.31E-04	1.91E-04	1.57E-04
T[C>A]T	4.48E-04	6.28E-04	5.86E-04	4.91E-04	2.97E-04	8.78E-04	4.54E-04	4.38E-04
T[C>G]A	4.07E-04	1.35E-04	6.28E-04	6.56E-04	1.63E-04	2.51E-04	3.62E-04	5.34E-04
T[C>G]C	3.07E-04	1.29E-04	4.41E-04	4.03E-04	1.38E-04	2.42E-04	3.10E-04	4.04E-04
T[C>G]G	5.18E-05	5.22E-05	5.23E-04	2.47E-04	1.65E-04	3.56E-04	5.96E-04	5.20E-04
T[C>G]T	6.10E-04	2.84E-04	7.43E-04	1.01E-03	1.03E-04	3.45E-04	5.78E-04	9.42E-04
T[C>T]A	6.73E-04	3.29E-04	8.41E-04	6.73E-04	6.29E-04	3.17E-04	4.73E-04	9.41E-04
T[C>T]C	5.53E-04	3.05E-04	9.10E-04	6.18E-04	5.90E-04	2.62E-04	3.38E-04	9.29E-04
T[C>T]G	3.47E-04	1.75E-04	4.76E-04	3.16E-04	7.95E-04	4.57E-04	4.84E-04	7.50E-04
T[C>T]T	7.79E-04	6.00E-04	1.35E-03	7.03E-04	6.44E-04	3.20E-04	4.61E-04	1.18E-03
T[T>A]A	4.46E-04	2.13E-04	6.91E-04	5.07E-04	5.38E-04	3.18E-04	2.63E-04	1.13E-03
T[T>A]C	2.17E-04	1.69E-04	4.06E-04	3.46E-04	1.84E-04	1.97E-04	2.44E-04	2.99E-04
T[T>A]G	1.72E-04	9.87E-05	2.90E-04	2.76E-04	1.64E-04	1.50E-04	2.35E-04	3.14E-04
T[T>A]T	5.30E-04	1.49E-04	5.26E-04	4.97E-04	4.10E-04	2.53E-04	4.16E-04	8.21E-04
T[T>C]A	5.30E-04	2.03E-04	7.57E-04	5.59E-04	3.50E-04	2.09E-04	3.13E-04	8.20E-04
T[T>C]C	5.29E-04	1.21E-04	6.37E-04	4.76E-04	2.34E-04	2.08E-04	2.75E-04	1.09E-03
T[T>C]G	4.81E-04	1.34E-04	6.47E-04	5.41E-04	3.48E-04	1.84E-04	2.30E-04	6.15E-04
T[T>C]T	5.61E-04	1.56E-04	8.80E-04	6.45E-04	4.97E-04	2.79E-04	3.53E-04	1.04E-03
T[T>G]A	3.68E-04	1.13E-04	5.06E-04	4.31E-04	2.07E-04	2.05E-04	2.27E-04	8.94E-04
T[T>G]C	1.57E-04	5.42E-05	2.70E-04	2.67E-04	1.79E-04	1.05E-04	1.93E-04	4.13E-04
T[T>G]G	3.66E-04	1.45E-04	5.81E-04	4.19E-04	2.78E-04	1.90E-04	3.58E-04	1.09E-03
T[T>G]T	4.81E-04	1.73E-04	9.17E-04	8.76E-04	4.03E-04	2.58E-04	6.21E-04	1.55E-03
