MutationType	SBS1	SBS5	SBS17a	SBS17b	SBS18	SBS31	SBS35	SBS98
A[C>A]A	0.00087602	0.01205205	0.00207280	0.00060777	0.05168832	0.00960912	0.00889880	0.00877596
A[C>A]C	0.00222012	0.00933709	0.00090529	0.00012699	0.01561716	0.01835130	0.04585350	0.00664466
A[C>A]G	0.00017973	0.00190814	0.00004894	0.00005975	0.00250467	0.00171713	0.00143861	0.03373996
A[C>A]T	0.00126505	0.00663587	0.00006185	0.00045563	0.02146920	0.00632283	0.02175912	0.00374440
A[C>G]A	0.00183905	0.01014381	0.00101137	0.00014594	0.00173633	0.00838028	0.00360789	0.00687481
A[C>G]C	0.00118796	0.00563786	0.00056112	0.00004273	0.00256003	0.00313460	0.00451588	0.00320528
A[C>G]G	0.00011677	0.00177405	0.00015631	0.00000000	0.00197900	0.00310324	0.00035810	0.09590106
A[C>G]T	0.00112669	0.01013953	0.00001962	0.00031874	0.00409319	0.00380578	0.00954984	0.00186493
A[C>T]A	0.02471848	0.03274140	0.00122165	0.00057078	0.00923364	0.01782825	0.00222722	0.00324440
A[C>T]C	0.00615402	0.01770486	0.00168633	0.00006921	0.00459619	0.00920541	0.00396007	0.00155166
A[C>T]G	0.37062396	0.00637422	0.00004062	0.00029463	0.01257488	0.00785120	0.00060029	0.02873952
A[C>T]T	0.00946813	0.02208611	0.00073769	0.00014688	0.00799577	0.01016889	0.00090663	0.00163299
A[T>A]A	0.00078381	0.00734473	0.00100219	0.00006201	0.00247642	0.00784509	0.00488337	0.00228940
A[T>A]C	0.00220131	0.00694878	0.00099673	0.00028842	0.00087978	0.00610407	0.00740532	0.00180744
A[T>A]G	0.00111728	0.00907925	0.00019851	0.00006510	0.00258663	0.00502203	0.00132861	0.00405424
A[T>A]T	0.00017946	0.00617583	0.00144999	0.00062757	0.00780415	0.00415578	0.00736652	0.00045334
A[T>C]A	0.00106794	0.04597922	0.00009574	0.00009639	0.00200898	0.02036130	0.00203723	0.02176681
A[T>C]C	0.00300089	0.01343631	0.01269656	0.00025150	0.00209424	0.00744153	0.00082606	0.00831078
A[T>C]G	0.00010389	0.03802933	0.00037321	0.00000000	0.00206930	0.00810713	0.00091904	0.01602566
A[T>C]T	0.00562883	0.03815071	0.00773657	0.00053933	0.00422061	0.00846141	0.00202904	0.01747627
A[T>G]A	0.00016852	0.00384155	0.00084442	0.00139667	0.00071707	0.00367302	0.00304586	0.00636851
A[T>G]C	0.00020434	0.00260704	0.00069981	0.00447104	0.00085974	0.00249392	0.00097195	0.00214536
A[T>G]G	0.00026266	0.00790452	0.00071366	0.00098095	0.00197977	0.00401363	0.00447532	0.00855447
A[T>G]T	0.00010983	0.00481117	0.01241427	0.06850732	0.00183159	0.00078221	0.00262876	0.00445689
C[C>A]A	0.00030503	0.00737852	0.00029209	0.00026786	0.07343749	0.01065663	0.02979496	0.00154914
C[C>A]C	0.00173826	0.00605658	0.00114084	0.00004035	0.01932061	0.01147554	0.03266362	0.00256207
C[C>A]G	0.00009194	0.00346762	0.00000000	0.00000000	0.01201826	0.00033068	0.00221243	0.05364561
C[C>A]T	0.00000000	0.00644523	0.00013565	0.00017990	0.03602515	0.02778775	0.08221264	0.00106327
C[C>G]A	0.00002356	0.00691178	0.00054754	0.00019175	0.00060834	0.00204169	0.00384644	0.00902562
C[C>G]C	0.00007457	0.00894678	0.00023112	0.00004575	0.00222779	0.00184004	0.00623578	0.01010718
C[C>G]G	0.00034730	0.00249548	0.00023182	0.00000000	0.00358545	0.00085836	0.00087491	0.09902086
C[C>G]T	0.00000000	0.00946425	0.00003861	0.00019077	0.00376130	0.00340624	0.01614357	0.00866259
C[C>T]A	0.00195530	0.01926559	0.00081289	0.00045170	0.01161106	0.04103302	0.00508208	0.00318034
C[C>T]C	0.00026220	0.01874187	0.00169159	0.00005783	0.00666364	0.16224034	0.08235192	0.00143668
C[C>T]G	0.19338070	0.01753852	0.00189852	0.00054164	0.01682557	0.00824185	0.00268508	0.06749059
C[C>T]T	0.00019163	0.02294064	0.00172286	0.00013443	0.00659965	0.14441665	0.04683629	0.00078461
C[T>A]A	0.00004226	0.00353436	0.00043202	0.00009302	0.00054077	0.02062673	0.05269681	0.00199683
C[T>A]C	0.00038745	0.00519741	0.04043729	0.00223266	0.00306229	0.02119131	0.03316078	0.00223779
C[T>A]G	0.00031846	0.00500211	0.01234366	0.00071251	0.00320277	0.01872460	0.05830814	0.00490836
C[T>A]T	0.00025723	0.00432124	0.07244113	0.00779170	0.00226962	0.03124331	0.06695743	0.00193682
C[T>C]A	0.00000000	0.01327881	0.01104938	0.00064294	0.00038512	0.00816058	0.00133245	0.00957901
C[T>C]C	0.00246469	0.01041485	0.17273211	0.00643884	0.00246184	0.00995289	0.00202984	0.00318723
C[T>C]G	0.00035385	0.02076722	0.08690338	0.00389544	0.00161635	0.00446587	0.00156290	0.01238532
C[T>C]T	0.00004214	0.01497359	0.42683155	0.01830399	0.00257090	0.01390831	0.00320670	0.00444041
C[T>G]A	0.00003489	0.00258587	0.00030859	0.00203712	0.00011075	0.00197256	0.00371683	0.00607295
C[T>G]C	0.00020901	0.00461658	0.00103839	0.03129713	0.00199149	0.00143619	0.00052052	0.00547390
C[T>G]G	0.00012581	0.00612034	0.00000193	0.01361416	0.00292340	0.00150197	0.00637182	0.01194724
C[T>G]T	0.00016918	0.00733605	0.00532037	0.55012000	0.00415763	0.00095645	0.00273275	0.00222469
G[C>A]A	0.00155627	0.01020530	0.00177563	0.00099383	0.10898274	0.01314476	0.00990909	0.00132797
G[C>A]C	0.00032932	0.00754878	0.00125931	0.00000273	0.01705952	0.02127695	0.04970614	0.00366349
G[C>A]G	0.00058277	0.00235978	0.00010658	0.00009275	0.00761874	0.00098305	0.00051304	0.01878387
G[C>A]T	0.00000000	0.00678912	0.00004664	0.00052909	0.06197593	0.00350423	0.02287473	0.00305468
G[C>G]A	0.00000944	0.00468243	0.00087585	0.00005965	0.00063490	0.00183625	0.00339339	0.00500751
G[C>G]C	0.00015932	0.00501278	0.00082150	0.00005451	0.00132137	0.00743209	0.02118947	0.00340650
G[C>G]G	0.00016480	0.00152276	0.00002383	0.00000000	0.00064396	0.00046220	0.00059805	0.02686072
G[C>G]T	0.00000000	0.00668958	0.00078111	0.00000000	0.00122360	0.00335447	0.00873036	0.00443881
G[C>T]A	0.00437332	0.01941008	0.00163598	0.00006085	0.00967847	0.00682323	0.00731887	0.00161032
G[C>T]C	0.00009013	0.02131420	0.00000000	0.00015419	0.00805643	0.01128173	0.01762489	0.00051435
G[C>T]G	0.21642840	0.01240397	0.00161878	0.00085818	0.01491499	0.00199240	0.00256016	0.01690685
G[C>T]T	0.00003763	0.01851580	0.00006550	0.00000000	0.00665520	0.00569062	0.00602335	0.00059616
G[T>A]A	0.00007934	0.00364294	0.00006393	0.00009614	0.00158713	0.00189145	0.00071416	0.00168558
G[T>A]C	0.00012635	0.00289509	0.00337253	0.00034360	0.00193870	0.00290348	0.00555055	0.00224048
G[T>A]G	0.00024293	0.00412278	0.00069509	0.00024061	0.00183445	0.00580471	0.00112735	0.00415236
G[T>A]T	0.00025727	0.00326151	0.00484743	0.00159285	0.00350223	0.00080149	0.00290683	0.00382949
G[T>C]A	0.00102607	0.01399603	0.00012173	0.00005879	0.00070230	0.00450962	0.00056276	0.00476694
G[T>C]C	0.00186091	0.00789933	0.01477962	0.00148531	0.00224690	0.00655527	0.00202655	0.00067307
G[T>C]G	0.00115541	0.01504666	0.00357046	0.00100838	0.00398967	0.00516086	0.00019225	0.00632235
G[T>C]T	0.00007108	0.01387662	0.00529178	0.00148196	0.00318845	0.00476422	0.00042789	0.00532856
G[T>G]A	0.00000000	0.00250142	0.00048989	0.00027762	0.00086300	0.00030263	0.00175303	0.00457492
G[T>G]C	0.00000000	0.00170124	0.00020235	0.00618878	0.00003676	0.00087005	0.00506138	0.00206632
G[T>G]G	0.00034366	0.00531649	0.00083511	0.00147763	0.00584417	0.00256534	0.00406650	0.00771143
G[T>G]T	0.00001456	0.00238030	0.00731154	0.11492728	0.00216612	0.00285447	0.00340486	0.00357096
T[C>A]A	0.00006505	0.00789481	0.00019027	0.00001240	0.07407663	0.00187365	0.00531155	0.00348655
T[C>A]C	0.00249718	0.00919383	0.00002589	0.00000000	0.04368369	0.00943161	0.02323969	0.00626035
T[C>A]G	0.00000000	0.00234587	0.00000000	0.00009655	0.01294450	0.00097687	0.00009695	0.02496657
T[C>A]T	0.00000584	0.01281085	0.00028965	0.00258026	0.12298149	0.00454231	0.01548663	0.00289935
T[C>G]A	0.00000000	0.00784459	0.00375541	0.00015995	0.00214802	0.00039891	0.00668227	0.00523094
T[C>G]C	0.00020037	0.00761975	0.00072272	0.00006167	0.00464891	0.00293607	0.00566405	0.00989920
T[C>G]G	0.00006967	0.00174410	0.00038643	0.00001574	0.00091631	0.00042552	0.00015863	0.06208126
T[C>G]T	0.00154918	0.01260911	0.00028462	0.00150599	0.00320558	0.00428939	0.02145860	0.00351584
T[C>T]A	0.00109760	0.02038991	0.00053277	0.00010797	0.01144273	0.00753488	0.00298334	0.00049453
T[C>T]C	0.00003681	0.02305978	0.00009055	0.00060273	0.01142188	0.02473535	0.01267620	0.00086182
T[C>T]G	0.11045130	0.01621710	0.00017999	0.00006335	0.01202717	0.00860256	0.00078294	0.02490834
T[C>T]T	0.00000000	0.02118330	0.00034999	0.00089857	0.00378017	0.01972716	0.00813807	0.00063998
T[T>A]A	0.00652536	0.00622390	0.00011703	0.00116825	0.01064541	0.00662771	0.00425591	0.00166159
T[T>A]C	0.00000000	0.00421396	0.00578459	0.00024517	0.00277689	0.00382805	0.00541324	0.00459418
T[T>A]G	0.00002774	0.00482061	0.00183622	0.00000000	0.00180022	0.00330043	0.00139360	0.00484448
T[T>A]T	0.00222101	0.00877350	0.00197942	0.00130735	0.00711425	0.00892963	0.00544319	0.00454237
T[T>C]A	0.00024761	0.01775439	0.00205535	0.00104062	0.00177424	0.00454048	0.00036423	0.01868865
T[T>C]C	0.00339697	0.00988347	0.01552705	0.00111439	0.00628614	0.01051437	0.00083956	0.00412975
T[T>C]G	0.00041216	0.01278117	0.00235799	0.00121201	0.00327861	0.00404732	0.00044232	0.01066267
T[T>C]T	0.00427420	0.01854969	0.02099383	0.00099798	0.00337676	0.01216763	0.00106650	0.00870815
T[T>G]A	0.00000000	0.00514877	0.00000000	0.00001198	0.00068604	0.00222572	0.00424602	0.01304208
T[T>G]C	0.00005520	0.00667720	0.00011772	0.00886448	0.00213607	0.00242953	0.00198145	0.00758340
T[T>G]G	0.00057761	0.00698436	0.00092313	0.00478795	0.00145828	0.00539978	0.00486749	0.01404879
T[T>G]T	0.00000000	0.01353626	0.00457865	0.12175308	0.00517035	0.00734080	0.00364221	0.01460752
