MutationType	DBS78A	DBS78B	DBS78C	DBS78D	DBS78E	DBS78F	DBS78G	DBS78H	DBS78I
AC>CA	3.39E-04	1.18E-03	3.81E-03	2.12E-03	1.57E-03	1.43E-03	3.40E-03	2.30E-03	1.47E-03
AC>CG	5.93E-07	3.27E-07	1.26E-06	5.83E-07	9.98E-07	6.45E-07	1.29E-06	1.69E-06	1.17E-06
AC>CT	2.44E-05	4.84E-04	2.07E-03	8.94E-04	2.03E-03	1.52E-03	3.42E-03	3.25E-03	2.71E-03
AC>GA	5.93E-07	3.27E-07	1.26E-06	5.83E-07	9.98E-07	6.45E-07	1.29E-06	1.69E-06	1.17E-06
AC>GG	5.93E-07	3.27E-07	1.26E-06	5.83E-07	9.98E-07	6.45E-07	1.29E-06	1.69E-06	1.17E-06
AC>GT	1.14E-04	1.43E-04	3.56E-03	1.63E-03	2.81E-03	1.64E-03	3.82E-03	2.43E-03	3.73E-03
AC>TA	5.24E-07	2.55E-07	8.40E-04	1.56E-03	1.95E-03	1.42E-03	6.05E-03	2.38E-03	1.53E-03
AC>TG	5.29E-04	5.44E-04	2.20E-03	8.10E-04	2.97E-03	3.53E-03	3.67E-03	4.52E-03	5.81E-03
AC>TT	4.26E-04	2.71E-05	1.53E-04	5.90E-07	1.02E-06	6.19E-07	1.25E-06	8.93E-05	1.13E-06
AT>CA	5.93E-07	3.27E-07	1.26E-06	5.83E-07	9.98E-07	6.45E-07	1.29E-06	1.69E-06	1.17E-06
AT>CC	3.44E-07	1.66E-03	2.90E-03	1.29E-03	1.77E-03	2.98E-03	3.13E-03	3.56E-03	1.08E-03
AT>CG	5.93E-07	3.27E-07	1.26E-06	5.83E-07	9.98E-07	6.45E-07	1.29E-06	1.69E-06	1.17E-06
AT>GA	7.47E-04	1.26E-04	3.52E-04	5.89E-07	5.42E-05	5.53E-07	2.48E-05	1.27E-04	1.13E-06
AT>GC	4.19E-04	3.89E-07	1.15E-04	5.49E-07	1.05E-06	6.45E-07	7.47E-05	5.61E-05	1.15E-06
AT>TA	1.62E-04	1.20E-03	3.69E-03	1.20E-03	2.85E-03	6.32E-03	6.96E-03	7.61E-03	6.38E-03
CC>AA	3.98E-03	2.65E-03	1.87E-02	1.69E-03	7.73E-03	3.71E-03	2.30E-03	3.93E-03	2.55E-03
CC>AG	7.41E-04	1.95E-03	6.00E-03	1.73E-03	6.87E-03	1.46E-03	2.78E-03	2.86E-03	2.64E-03
CC>AT	1.67E-03	4.35E-03	2.45E-03	1.88E-03	2.06E-03	2.32E-03	5.99E-04	1.93E-02	2.76E-03
CC>GA	6.44E-04	1.04E-04	3.53E-04	6.04E-07	1.09E-04	6.20E-07	2.48E-05	1.83E-04	1.16E-06
CC>GG	4.48E-04	6.29E-05	1.65E-04	5.60E-07	1.05E-06	6.15E-07	2.48E-05	6.72E-05	1.17E-06
CC>GT	3.70E-04	1.44E-03	2.05E-03	6.09E-07	5.42E-05	6.29E-07	2.48E-05	1.29E-03	3.56E-04
CC>TA	9.54E-04	1.64E-03	6.55E-04	5.84E-07	2.54E-04	5.80E-07	2.79E-04	1.52E-03	1.09E-03
CC>TG	4.24E-04	6.47E-05	1.19E-04	5.82E-07	1.09E-04	6.22E-07	2.48E-05	9.25E-05	1.18E-06
CC>TT	1.04E-03	7.59E-04	9.93E-03	1.22E-03	9.57E-03	2.51E-03	7.27E-03	1.11E-02	3.64E-03
CG>AT	6.26E-04	6.29E-05	2.62E-04	5.69E-07	5.42E-05	5.66E-07	9.97E-05	1.02E-04	1.18E-06
CG>GC	5.93E-07	3.27E-07	1.26E-06	5.83E-07	9.98E-07	6.45E-07	1.29E-06	1.69E-06	1.17E-06
CG>GT	5.93E-07	3.27E-07	1.26E-06	5.83E-07	9.98E-07	6.45E-07	1.29E-06	1.69E-06	1.17E-06
CG>TA	5.93E-07	3.27E-07	1.26E-06	5.83E-07	9.98E-07	6.45E-07	1.29E-06	1.69E-06	1.17E-06
CG>TC	5.93E-07	3.27E-07	1.26E-06	5.83E-07	9.98E-07	6.45E-07	1.29E-06	1.69E-06	1.17E-06
CG>TT	8.42E-04	1.60E-03	4.73E-04	5.94E-07	5.11E-04	5.69E-07	2.72E-04	9.88E-04	8.30E-04
CT>AA	3.80E-03	1.20E-02	4.76E-03	1.49E-03	1.73E-03	2.46E-03	3.41E-03	6.18E-03	1.22E-02
CT>AC	1.23E-02	2.75E-03	3.09E-03	5.07E-07	1.15E-03	5.53E-07	2.95E-03	4.31E-03	2.01E-03
CT>AG	1.11E-03	1.80E-03	2.17E-03	1.54E-03	2.65E-03	1.63E-03	5.94E-03	2.40E-03	3.80E-03
CT>GA	3.94E-04	5.41E-05	1.53E-04	5.88E-07	1.09E-04	6.17E-07	2.48E-05	1.05E-04	1.16E-06
CT>GC	4.32E-04	3.23E-05	2.82E-04	5.91E-07	1.63E-04	6.36E-07	1.30E-06	1.05E-04	1.15E-06
CT>GG	4.87E-07	2.36E-07	1.57E-03	3.05E-03	1.56E-03	2.34E-03	7.25E-03	9.06E-03	4.38E-03
CT>TA	1.03E-03	1.27E-03	8.36E-04	5.84E-07	3.09E-04	5.70E-07	2.56E-04	6.83E-04	8.90E-05
CT>TC	6.31E-04	1.06E-03	8.36E-03	4.38E-03	4.46E-03	5.09E-03	1.06E-02	8.43E-03	5.68E-03
CT>TG	5.93E-07	3.27E-07	1.26E-06	5.83E-07	9.98E-07	6.45E-07	1.29E-06	1.69E-06	1.17E-06
GC>AA	1.87E-03	2.26E-03	3.09E-03	4.94E-03	3.19E-03	1.39E-02	4.51E-03	5.73E-03	2.96E-03
GC>AG	1.13E-03	1.54E-03	5.98E-03	1.63E-03	1.15E-02	2.44E-03	3.84E-03	5.24E-03	6.20E-03
GC>AT	5.18E-05	1.35E-04	1.37E-03	2.29E-03	2.38E-03	2.42E-03	9.55E-03	4.63E-03	2.75E-03
GC>CA	6.33E-04	1.11E-03	4.04E-04	5.93E-07	1.00E-06	6.04E-07	3.74E-04	9.52E-04	8.90E-05
GC>CG	4.39E-04	7.00E-05	1.49E-04	5.89E-07	1.63E-04	6.26E-07	1.24E-06	9.25E-05	1.10E-06
GC>TA	3.80E-04	8.72E-05	1.02E-03	1.24E-03	6.51E-04	1.59E-03	5.55E-03	1.56E-03	2.23E-03
TA>AT	5.33E-07	2.94E-07	8.21E-04	8.35E-04	3.01E-03	2.96E-03	4.08E-03	2.79E-03	2.67E-03
TA>CG	5.93E-07	3.27E-07	1.26E-06	5.83E-07	9.98E-07	6.45E-07	1.29E-06	1.69E-06	1.17E-06
TA>CT	4.69E-04	1.14E-03	2.28E-03	2.35E-03	1.07E-03	3.45E-03	4.62E-03	2.24E-03	1.92E-03
TA>GC	5.93E-07	3.27E-07	1.26E-06	5.83E-07	9.98E-07	6.45E-07	1.29E-06	1.69E-06	1.17E-06
TA>GG	4.49E-04	8.12E-05	1.41E-04	5.89E-07	1.09E-04	6.21E-07	7.48E-05	5.11E-05	1.15E-06
TA>GT	3.56E-07	3.12E-04	1.62E-03	2.32E-03	3.28E-03	2.04E-03	4.20E-03	9.63E-04	4.73E-03
TC>AA	1.84E-03	4.27E-03	4.52E-03	1.11E-02	4.84E-03	4.84E-03	7.28E-03	5.85E-03	5.88E-03
TC>AG	4.40E-04	1.13E-04	2.30E-03	2.20E-03	1.82E-03	1.88E-03	3.27E-03	2.87E-03	1.81E-03
TC>AT	1.48E-03	1.13E-03	7.34E-03	1.72E-03	1.43E-02	2.44E-03	1.62E-03	2.91E-03	4.04E-03
TC>CA	3.84E-04	3.23E-05	1.37E-03	8.03E-04	2.36E-03	6.81E-07	1.73E-03	1.05E-03	2.86E-03
TC>CG	5.93E-07	3.27E-07	1.26E-06	5.83E-07	9.98E-07	6.45E-07	1.29E-06	1.69E-06	1.17E-06
TC>CT	5.21E-04	2.12E-03	1.64E-03	3.70E-03	4.28E-03	2.21E-03	2.21E-03	1.76E-03	1.27E-02
TC>GA	4.38E-04	7.00E-05	7.73E-05	5.94E-07	1.00E-06	6.23E-07	4.98E-05	1.95E-04	1.15E-06
TC>GG	5.93E-07	3.27E-07	1.26E-06	5.83E-07	9.98E-07	6.45E-07	1.29E-06	1.69E-06	1.17E-06
TC>GT	3.99E-07	6.33E-04	1.76E-03	2.44E-03	3.36E-03	3.71E-03	8.72E-03	2.99E-03	3.82E-03
TG>AA	8.57E-04	6.29E-04	2.73E-03	1.44E-03	3.75E-03	2.07E-03	5.15E-03	7.73E-03	2.20E-03
TG>AC	3.98E-05	9.51E-05	2.01E-03	1.12E-03	2.72E-03	3.10E-03	5.28E-03	4.50E-03	2.00E-03
TG>AT	1.59E-03	4.52E-03	2.80E-03	1.22E-03	4.40E-03	1.68E-03	2.14E-03	7.34E-03	5.77E-03
TG>CA	4.38E-04	2.73E-04	3.11E-03	1.64E-03	5.09E-03	3.25E-03	7.69E-03	6.62E-03	6.96E-03
TG>CC	4.12E-04	6.29E-05	2.00E-04	5.92E-07	5.42E-05	5.79E-07	1.23E-06	8.33E-05	1.13E-06
TG>CT	1.19E-03	2.44E-03	1.26E-03	1.51E-03	3.13E-03	1.13E-03	3.66E-03	3.21E-03	6.47E-03
TG>GA	4.67E-04	1.01E-03	2.56E-03	1.43E-03	2.13E-03	1.40E-03	3.45E-03	4.26E-03	2.79E-03
TG>GC	5.93E-07	3.27E-07	1.26E-06	5.83E-07	9.98E-07	6.45E-07	1.29E-06	1.69E-06	1.17E-06
TG>GT	2.17E-03	2.06E-03	3.39E-03	8.23E-04	3.32E-03	3.24E-03	3.64E-03	6.56E-03	4.11E-03
TT>AA	1.21E-03	3.18E-03	6.19E-03	1.80E-03	5.22E-03	3.10E-03	4.74E-03	8.34E-03	4.40E-03
TT>AC	6.30E-04	1.81E-04	1.47E-03	5.34E-04	2.63E-03	6.65E-07	1.38E-03	6.84E-04	3.16E-03
TT>AG	4.06E-04	2.70E-05	9.16E-04	1.10E-03	1.98E-03	6.57E-07	9.61E-04	5.92E-04	2.80E-03
TT>CA	4.51E-04	8.41E-05	1.00E-03	8.70E-04	2.02E-03	6.98E-07	9.84E-04	1.34E-03	2.73E-03
TT>CC	3.72E-04	2.71E-05	1.85E-04	5.91E-07	1.09E-04	6.10E-07	2.48E-05	1.05E-04	1.18E-06
TT>CG	5.93E-07	3.27E-07	1.26E-06	5.83E-07	9.98E-07	6.45E-07	1.29E-06	1.69E-06	1.17E-06
TT>GA	5.93E-07	3.27E-07	1.26E-06	5.83E-07	9.98E-07	6.45E-07	1.29E-06	1.69E-06	1.17E-06
TT>GC	5.93E-07	3.27E-07	1.26E-06	5.83E-07	9.98E-07	6.45E-07	1.29E-06	1.69E-06	1.17E-06
TT>GG	5.93E-07	3.27E-07	1.26E-06	5.83E-07	9.98E-07	6.45E-07	1.29E-06	1.69E-06	1.17E-06
