MutationType	ID83A	ID83B	ID83C	ID83D
1:Del:C:0	1.23E-03	1.98E-03	1.38E-03	1.72E-03
1:Del:C:1	1.16E-03	1.61E-03	1.61E-03	8.39E-04
1:Del:C:2	4.49E-04	8.76E-04	9.74E-04	2.51E-04
1:Del:C:3	2.85E-04	4.03E-04	3.08E-04	2.15E-04
1:Del:C:4	2.79E-04	4.30E-04	4.46E-04	4.94E-04
1:Del:C:5	8.75E-05	5.59E-04	5.17E-04	5.59E-04
1:Del:T:0	2.48E-03	2.32E-03	2.78E-03	1.29E-03
1:Del:T:1	1.61E-03	1.45E-03	1.71E-03	6.38E-04
1:Del:T:2	8.57E-04	1.37E-03	8.15E-04	9.61E-04
1:Del:T:3	2.87E-04	1.54E-03	8.74E-04	1.30E-03
1:Del:T:4	2.56E-04	9.47E-04	1.10E-03	1.02E-03
1:Del:T:5	1.44E-04	3.37E-03	3.45E-03	1.64E-03
1:Ins:C:0	4.13E-04	1.93E-03	1.33E-03	1.87E-03
1:Ins:C:1	5.03E-04	6.44E-04	6.76E-04	6.91E-04
1:Ins:C:2	1.82E-04	3.98E-04	3.06E-04	3.84E-04
1:Ins:C:3	1.09E-04	3.99E-04	4.78E-04	1.73E-04
1:Ins:C:4	1.20E-04	3.62E-04	2.23E-04	3.00E-04
1:Ins:C:5	4.27E-04	6.78E-04	7.01E-04	3.74E-04
1:Ins:T:0	5.15E-04	1.82E-03	8.65E-04	2.86E-03
1:Ins:T:1	1.02E-03	1.69E-03	9.10E-04	1.61E-03
1:Ins:T:2	4.96E-04	6.49E-04	4.30E-04	8.13E-04
1:Ins:T:3	3.37E-04	7.17E-04	9.01E-04	6.30E-04
1:Ins:T:4	3.45E-05	4.20E-04	4.08E-04	3.16E-04
1:Ins:T:5	1.18E-03	3.61E-03	3.04E-03	1.95E-03
2:Del:R:0	6.45E-04	1.15E-03	8.51E-04	1.21E-03
2:Del:R:1	6.83E-04	3.74E-03	1.76E-03	2.78E-03
2:Del:R:2	2.01E-04	1.13E-03	9.60E-04	6.52E-04
2:Del:R:3	2.79E-04	3.42E-04	1.61E-04	3.64E-04
2:Del:R:4	1.15E-04	1.18E-04	1.40E-04	9.68E-05
2:Del:R:5	5.25E-06	2.69E-04	2.31E-04	1.55E-04
3:Del:R:0	4.48E-04	4.89E-04	3.25E-04	7.28E-04
3:Del:R:1	3.25E-04	2.22E-03	1.79E-03	1.18E-03
3:Del:R:2	5.45E-05	6.07E-04	2.92E-04	6.11E-04
3:Del:R:3	4.97E-05	4.30E-04	2.36E-04	4.72E-04
3:Del:R:4	3.95E-05	1.88E-04	1.38E-04	1.08E-04
3:Del:R:5	1.30E-04	1.27E-04	6.67E-05	1.01E-04
4:Del:R:0	3.55E-04	4.77E-04	2.98E-04	3.48E-04
4:Del:R:1	3.52E-04	8.46E-04	4.99E-04	9.42E-04
4:Del:R:2	6.05E-05	5.52E-04	2.63E-04	4.69E-04
4:Del:R:3	1.21E-04	1.17E-04	5.26E-05	2.05E-04
4:Del:R:4	2.50E-08	7.58E-08	5.35E-08	5.89E-08
4:Del:R:5	2.50E-08	7.58E-08	5.35E-08	5.89E-08
5:Del:R:0	1.35E-03	1.76E-03	8.11E-04	9.99E-04
5:Del:R:1	3.52E-04	9.31E-04	4.12E-04	9.77E-04
5:Del:R:2	1.70E-04	2.64E-04	7.00E-05	2.83E-04
5:Del:R:3	1.47E-04	1.91E-04	5.12E-05	2.28E-04
5:Del:R:4	5.11E-05	6.46E-05	3.82E-05	8.97E-05
5:Del:R:5	2.50E-08	7.58E-08	5.35E-08	5.89E-08
2:Ins:R:0	2.23E-04	1.64E-03	1.15E-03	2.12E-03
2:Ins:R:1	4.17E-04	7.12E-04	5.62E-04	9.93E-04
2:Ins:R:2	3.13E-04	2.59E-04	2.65E-04	1.88E-04
2:Ins:R:3	2.39E-04	3.92E-04	1.75E-04	3.61E-04
2:Ins:R:4	1.02E-04	2.26E-04	2.14E-04	2.31E-04
2:Ins:R:5	3.26E-04	3.94E-04	3.03E-04	2.90E-04
3:Ins:R:0	2.66E-04	5.48E-04	3.77E-04	6.18E-04
3:Ins:R:1	3.21E-04	3.43E-04	1.33E-04	2.45E-04
3:Ins:R:2	7.84E-05	2.54E-04	2.67E-04	8.04E-05
3:Ins:R:3	2.50E-08	7.58E-08	5.35E-08	5.89E-08
3:Ins:R:4	1.01E-04	7.44E-05	5.25E-05	4.36E-05
3:Ins:R:5	7.17E-05	1.67E-04	1.83E-04	1.89E-04
4:Ins:R:0	2.79E-04	6.28E-04	3.75E-04	6.91E-04
4:Ins:R:1	3.64E-04	4.87E-04	5.43E-04	3.42E-04
4:Ins:R:2	7.40E-05	1.22E-04	1.03E-04	8.50E-05
4:Ins:R:3	9.83E-05	1.96E-04	1.57E-04	1.75E-04
4:Ins:R:4	2.15E-04	2.14E-04	1.23E-04	1.62E-04
4:Ins:R:5	3.30E-04	6.79E-04	4.20E-04	8.19E-04
5:Ins:R:0	1.08E-03	1.14E-03	4.34E-04	1.17E-03
5:Ins:R:1	5.18E-04	1.18E-03	1.04E-03	1.35E-03
5:Ins:R:2	1.68E-04	1.87E-04	6.42E-05	2.73E-04
5:Ins:R:3	8.82E-05	2.32E-04	2.10E-04	2.72E-04
5:Ins:R:4	2.81E-04	2.86E-04	1.30E-04	2.11E-04
5:Ins:R:5	1.66E-04	2.01E-04	9.31E-05	2.31E-04
2:Del:M:1	6.00E-04	2.82E-03	1.24E-03	2.53E-03
3:Del:M:1	5.33E-04	5.87E-04	4.54E-04	3.19E-04
3:Del:M:2	3.64E-04	1.56E-03	1.21E-03	1.29E-03
4:Del:M:1	3.51E-04	6.89E-04	5.76E-04	5.63E-04
4:Del:M:2	1.71E-04	7.16E-04	2.68E-04	7.98E-04
4:Del:M:3	4.49E-04	1.23E-03	8.46E-04	1.09E-03
5:Del:M:1	1.50E-03	2.24E-03	1.28E-03	8.64E-04
5:Del:M:2	1.32E-03	1.54E-03	1.31E-03	4.77E-04
5:Del:M:3	8.47E-04	1.06E-03	5.57E-04	5.98E-04
5:Del:M:4	6.12E-04	9.37E-04	5.83E-04	7.94E-04
5:Del:M:5	6.51E-04	1.08E-03	8.56E-04	1.30E-03
