MutationType	ID83A	ID83B	ID83C	ID83D
1:Del:C:0	0.08235368412919343	0.04362976233720474	0.025742843777934468	0.07476014787433087
1:Del:C:1	0.046190098009883516	0.02647905031836558	0.03798225237293309	0.009019571683336381
1:Del:C:2	0.0048371344008245835	0.009389773293643345	0.02882221763084999	0.0011123519375785245
1:Del:C:3	0.005025499261257167	0.005055000061670327	0.003443428996271658	0.0012870603550110581
1:Del:C:4	0.0027008819743929635	0.004337850764006427	0.004780789092952347	0.006983745920056208
1:Del:C:5	0.0002949339528646	0.0060473075982490345	0.00946757717609458	0.008214033783943506
1:Del:T:0	0.11260651135817171	0.016953348109067578	0.038206866105585414	0.014122352029988905
1:Del:T:1	0.06718428664622479	0.01071105954225601	0.017703088278093304	0.004968119725421474
1:Del:T:2	0.03342015741885462	0.024934133913160964	0.011966800509827777	0.007116272106759425
1:Del:T:3	0.0030284643606819706	0.030183107583594156	0.012945359351519699	0.02623832162242081
1:Del:T:4	0.0011480406743099448	0.011394176502260734	0.029152115318394466	0.01611672606679818
1:Del:T:5	0.00020378787756741623	0.04331516685369223	0.13251163048378659	0.0062295299350018495
1:Ins:C:0	0.0047040799378487465	0.031659524284081045	0.02672548871782567	0.04573306968830366
1:Ins:C:1	0.008267172747691518	0.004653882513339802	0.012611290564077251	0.010684649620036417
1:Ins:C:2	0.002570978465723357	0.004558409421034781	0.003167892796926572	0.003632888547860995
1:Ins:C:3	0.0003727612054532159	0.0029698024448058425	0.012966941263936178	0.0004838911122385525
1:Ins:C:4	0.001323147584873685	0.004806865363516067	0.0022226738536872404	0.0024469941619225466
1:Ins:C:5	0.0028553930867683875	0.008074599537906301	0.013903563996621245	0.0032953500132877167
1:Ins:T:0	0.008471139999860586	0.020215973558095186	0.004344075467999602	0.13695960206910968
1:Ins:T:1	0.04858422491699457	0.021767359278077266	0.008737177232355862	0.03548820065692361
1:Ins:T:2	0.013693209468895844	0.006985196353875196	0.004074498094323289	0.01315246274034255
1:Ins:T:3	0.00823060179501681	0.0074053940500837	0.01944047272292977	0.006795821625598748
1:Ins:T:4	5.852639920668423e-05	0.0046492522190442285	0.0058358901700044895	0.0021862720561583514
1:Ins:T:5	0.024574243096867576	0.0636356901048066	0.18345888283103703	0.01231780327127197
2:Del:R:0	0.022492216510581784	0.021577626258508644	0.014784688021065903	0.026861343280161806
2:Del:R:1	0.015155198699067113	0.0969361477997154	0.023381987017068014	0.03852074891141001
2:Del:R:2	0.0018405967291396054	0.016337420078539965	0.0155084595474257	0.005266600828214019
2:Del:R:3	0.005449355511872227	0.0029711847411284962	0.0012138220258191268	0.004157463136046999
2:Del:R:4	0.0009022996782456793	0.0009224396696006742	0.0013902437781715094	0.0006991487135859842
2:Del:R:5	5.343127159115335e-06	0.0036094001906260354	0.0029505420369650894	0.0008247530565331829
3:Del:R:0	0.011614304055879075	0.0047053900598940145	0.002263422606984484	0.017735722073985015
3:Del:R:1	0.005443982444267022	0.04393081686663322	0.0407642512572405	0.012161539135316693
3:Del:R:2	5.4550571216469556e-05	0.008542464989009204	0.0022069830521775024	0.012147696666191265
3:Del:R:3	0.00013521571739993465	0.0044328992097951315	0.0016843252844934043	0.006999286559986082
3:Del:R:4	0.00011516977610452005	0.0017719528431458542	0.0015187520794367514	0.0005639596324535745
3:Del:R:5	0.0015360813059111288	0.001011880675602619	0.00040718769828339773	0.0006642156596043947
4:Del:R:0	0.008390269824265672	0.005023226858616567	0.003646163678270913	0.0014652811533268828
4:Del:R:1	0.004783520950896438	0.010982932924616122	0.0037742653694388456	0.01911794112712478
4:Del:R:2	0.00010617142021260295	0.00791252391311465	0.002328709151514481	0.0050530809186770395
4:Del:R:3	0.0014515203147964062	0.0007544896616148478	0.00022735564473376214	0.0028777005108628372
4:Del:R:4	7.356741460995408e-07	3.0486089349324176e-06	2.7113099611142387e-06	4.833302963902497e-06
4:Del:R:5	7.356741460995408e-07	3.0486089349324176e-06	2.7113099611142387e-06	4.833302963902497e-06
5:Del:R:0	0.048239747575448744	0.02017151098939859	0.010546063622411133	0.009999414620071008
5:Del:R:1	0.005953221710554857	0.012574161043451446	0.00293843355087251	0.021195723046683525
5:Del:R:2	0.002354241257911056	0.002646623553868892	0.00025534854874613265	0.0032771925091859087
5:Del:R:3	0.002058341669697552	0.0018697197804044485	0.00019897782495213788	0.0022277661049180607
5:Del:R:4	0.000373562826908842	0.00045575798394370537	8.390589184324782e-05	0.0004473488986394614
5:Del:R:5	7.356741460995408e-07	3.0486089349324176e-06	2.7113099611142387e-06	4.833302963902497e-06
2:Ins:R:0	0.0018404488915081175	0.015820573795808104	0.012362552539928337	0.054709906089663606
2:Ins:R:1	0.006719790489913464	0.008390314842124411	0.006847026352671151	0.02190271968963778
2:Ins:R:2	0.0077822867343218145	0.0016998789880082476	0.0029775345604826954	0.0013598862317644844
2:Ins:R:3	0.003743545571361189	0.0037867680579111605	0.0013802642192989544	0.004070105076205319
2:Ins:R:4	0.0007298894295168745	0.0019547228125203374	0.0023728696568147	0.0028736104415430265
2:Ins:R:5	0.00682006867465958	0.003517403003678945	0.003872346489973495	0.002049938234026727
3:Ins:R:0	0.0036987874170089797	0.006229669953513657	0.003108272373393781	0.007231152088531436
3:Ins:R:1	0.00726639010289901	0.003518387091059196	0.0010028315570852707	0.0016795727412166172
3:Ins:R:2	0.00032663689056341207	0.002404456521278373	0.004261133034860762	0.00021959463848046922
3:Ins:R:3	7.356741460995408e-07	3.0486089349324176e-06	2.7113099611142387e-06	4.833302963902497e-06
3:Ins:R:4	0.0015358863301714897	0.00038013109104731766	0.0001770607193988738	0.00017163077307714048
3:Ins:R:5	0.00036650973749861036	0.0013889129651323629	0.0019896978083927762	0.0015434066910360756
4:Ins:R:0	0.004356996052575201	0.007133747195516693	0.0032550397880468564	0.009331490583730133
4:Ins:R:1	0.006763939396264291	0.005038216114823309	0.009505825978970393	0.002680759187194468
4:Ins:R:2	0.000588601462228695	0.0008467822162918192	0.0007934271637446066	0.00027150820538309974
4:Ins:R:3	0.0010101367893168634	0.0016387459911386237	0.0014670555874719505	0.0010538033023879123
4:Ins:R:4	0.004163743237102189	0.0020436590229084926	0.000927484890608099	0.000893453810350362
4:Ins:R:5	0.0064750653778799004	0.006281818975571234	0.003227822489164538	0.010590553429312876
5:Ins:R:0	0.0398297254352201	0.006764620669735706	0.0019225952005175006	0.010137031413666122
5:Ins:R:1	0.010651425511688946	0.011707069443112346	0.017271425498532268	0.023134052125214275
5:Ins:R:2	0.002979126713422966	0.0012642426235717963	0.00019577372921344315	0.004532025448719317
5:Ins:R:3	0.00048712609455320966	0.0017521853103399465	0.001634784195666299	0.003084255083583276
5:Ins:R:4	0.0065170301182653385	0.002368734552876752	0.0009105333429607044	0.0009419520610875942
5:Ins:R:5	0.0026390246764036716	0.0016690628905837812	0.0005237188922983904	0.0027119652898288395
2:Del:M:1	0.008545523877257323	0.06032193325033063	0.02104851321346871	0.09438745570867468
3:Del:M:1	0.015018490504018019	0.005276830516284452	0.006816116530580913	0.0016949612525128544
3:Del:M:2	0.005283707634019379	0.023721605792227363	0.01817537660777288	0.017259611510272322
4:Del:M:1	0.007304886874990757	0.009227916646409434	0.009132604128781878	0.004523472399896722
4:Del:M:2	0.0012378719434853025	0.009250233323627767	0.0016410194947943828	0.012838556290156759
4:Del:M:3	0.004945982300882505	0.020192790007620733	0.010699187950594862	0.012302769865499172
5:Del:M:1	0.06483728894012984	0.03695295577635505	0.024853946449941305	0.003980736965492151
5:Del:M:2	0.07211532403249293	0.015554014518421866	0.02269857846861491	0.0013164375243023584
5:Del:M:3	0.03416834531795729	0.013850983368141953	0.004058601858468549	0.0038682173618575888
5:Del:M:4	0.01325438824146829	0.013492774627383283	0.005480744507637985	0.009264827618496696
5:Del:M:5	0.024839204715099185	0.011593405635058077	0.011109683115081169	0.029760099654714055
