MutationType	DBS78A	DBS78B	DBS78C
AC>CA	0.004149805119412626	0.013111861131341059	0.01294297083441279
AC>CG	5.746053308826049e-06	1.3575408429460367e-05	3.1522335957561156e-05
AC>CT	0.0016728029048493464	0.004079670766840273	0.007405550741370916
AC>GA	5.746053308826049e-06	1.3575408429460367e-05	3.1522335957561156e-05
AC>GG	5.746053308826049e-06	1.3575408429460367e-05	3.1522335957561156e-05
AC>GT	0.0011075973738869749	0.004238969196296338	0.010853446026055735
AC>TA	0.0009684296573469098	0.004415386776081753	0.011115082411095045
AC>TG	0.007231551333819653	0.004349708543910698	0.007432520555403244
AC>TT	0.004793093418637682	0.00021160877979156111	2.7354296125849942e-05
AT>CA	5.746053308826049e-06	1.3575408429460367e-05	3.1522335957561156e-05
AT>CC	0.0004733372956006221	0.0037790580378648997	0.010116531046892306
AT>CG	5.746053308826049e-06	1.3575408429460367e-05	3.1522335957561156e-05
AT>GA	0.013678434077693282	0.000795547750483081	2.2570035434910095e-05
AT>GC	0.004265732031573748	0.00037043466319119033	2.761242032647715e-05
AT>TA	0.0015913811153586365	0.017160535125154048	0.022433583857000484
CC>AA	0.13754906987771393	0.04130883522273909	0.03234603188896287
CC>AG	0.017215339336488	0.02430637744122798	0.0170618210251655
CC>AT	0.03333453254815982	0.07660997012141657	0.007026304820444014
CC>GA	0.009622492264492166	0.0006982619519010313	2.4163969628716585e-05
CC>GG	0.00496622289653601	0.00011194577983815179	2.7781928997683282e-05
CC>GT	0.004180963415409025	0.009492755227778246	0.00024174232028144614
CC>TA	0.012621611542296024	0.01680806300589893	0.00016914781179574233
CC>TG	0.004830583046724541	0.00023107452450174648	2.7213849143663538e-05
CC>TT	0.028801498792683303	0.011045339794469693	0.014577550259913323
CG>AT	0.00972811590697802	0.0005494046516661654	2.4323773509422608e-05
CG>GC	5.746053308826049e-06	1.3575408429460367e-05	3.1522335957561156e-05
CG>GT	5.746053308826049e-06	1.3575408429460367e-05	3.1522335957561156e-05
CG>TA	5.746053308826049e-06	1.3575408429460367e-05	3.1522335957561156e-05
CG>TC	5.746053308826049e-06	1.3575408429460367e-05	3.1522335957561156e-05
CG>TT	0.011972097803657817	0.017854807199603896	0.00041412478730080694
CT>AA	0.08383707713571198	0.18078516513875115	0.0015381837330564357
CT>AC	0.14493258334773032	0.042687750136334524	3.357128712027091e-06
CT>AG	0.013699330851690093	0.025944675232683848	0.02210417925459069
CT>GA	0.0037752858001471167	0.000245706925165905	2.82795821703985e-05
CT>GC	0.00488759127596154	0.00027619177220856273	2.7210494840801404e-05
CT>GG	0.0022219721640746883	0.009222089937271031	0.019458089806971657
CT>TA	0.01905566785156168	0.011579523434970724	1.7588297275210607e-05
CT>TC	0.015215499375610122	0.01267519370452006	0.04319143823798043
CT>TG	5.746053308826049e-06	1.3575408429460367e-05	3.1522335957561156e-05
GC>AA	0.026197453986681454	0.06571429713518566	0.1241734088708817
GC>AG	0.031376047659638	0.011512146163516186	0.024016814777128276
GC>AT	0.0021934103020793926	0.010049597906823315	0.018392107295280766
GC>CA	0.008230810075302344	0.009643919506831935	5.285622312612759e-05
GC>CG	0.004516411193442878	0.00016538871299758283	2.7812883681690438e-05
GC>TA	0.005329527154219491	0.0054059239061423625	0.008212705012676907
TA>AT	0.00037052733336963403	0.00538390516787814	0.008688725539509506
TA>CG	5.746053308826049e-06	1.3575408429460367e-05	3.1522335957561156e-05
TA>CT	0.004306281635751645	0.015552750976732312	0.01008377952451383
TA>GC	5.746053308826049e-06	1.3575408429460367e-05	3.1522335957561156e-05
TA>GG	0.004772652273161384	0.0002484466564425247	2.737866197094263e-05
TA>GT	0.0008015017730481766	0.008970571403725173	0.024129364306464823
TC>AA	0.03608405834376526	0.08581984170013585	0.27863905021786395
TC>AG	0.00576579495352398	0.0019521042546132251	0.015743785894051142
TC>AT	0.04772708297292695	0.030860231719875734	0.046813419880177204
TC>CA	0.005872359859959708	0.0046248357125748644	0.011365877804995534
TC>CG	5.746053308826049e-06	1.3575408429460367e-05	3.1522335957561156e-05
TC>CT	0.010647979711616955	0.03341918853385593	0.04961053522295458
TC>GA	0.004701075129569858	0.0004395130259807445	2.716183164920949e-05
TC>GG	5.746053308826049e-06	1.3575408429460367e-05	3.1522335957561156e-05
TC>GT	0.0015626158270713474	0.008064612531860362	0.02068611576723015
TG>AA	0.01537951288272211	0.005342857850520275	0.0074490727439552986
TG>AC	0.0010268834136690685	0.004454622302177924	0.008432061183900713
TG>AT	0.027244440432300798	0.07857005188601647	0.013374362881044632
TG>CA	0.009489012742984464	0.013300079455792852	0.032610664173192846
TG>CC	0.004913125037268742	0.0003021703840212808	2.701727951262001e-05
TG>CT	0.02836139034518055	0.006225203280059191	0.0041861633659340215
TG>GA	0.00693183004333477	0.004639896434669027	0.00498014947038655
TG>GC	5.746053308826049e-06	1.3575408429460367e-05	3.1522335957561156e-05
TG>GT	0.049330887862515736	0.023771634980088406	0.003956627800804355
TT>AA	0.026253364901984922	0.019749907489785164	0.011636636410634083
TT>AC	0.011473241822876687	0.003430583153638782	0.011745778663801047
TT>AG	0.006462898901841774	0.0032079988771153366	0.010949720953885845
TT>CA	0.00600275723769851	0.003536985017129375	0.008648913796390616
TT>CC	0.0041861987980615824	0.000436878233566631	2.7240723170507408e-05
TT>CG	5.746053308826049e-06	1.3575408429460367e-05	3.1522335957561156e-05
TT>GA	5.746053308826049e-06	1.3575408429460367e-05	3.1522335957561156e-05
TT>GC	5.746053361121994e-06	1.3575408300994241e-05	3.152233579839958e-05
TT>GG	5.746053361121994e-06	1.3575408300994241e-05	3.152233579839958e-05
