Samples	SBS96A	SBS96B	SBS96C	SBS96D	SBS96E	SBS96F	SBS96G	SBS96H	SBS96I	SBS96J	SBS96K	SBS96L	SBS96M	SBS96N	SBS96O
C001	1.61E+00	2.15E+00	2.89E+00	3.48E-01	4.01E+00	8.26E-01	2.99E+00	5.17E+00	2.66E+00	4.33E+00	4.28E-01	1.09E+00	6.21E+00	3.23E+00	3.36E+00
C002	1.11E+00	2.38E+00	5.42E+00	1.56E+00	4.53E+00	1.42E+00	3.78E+00	3.83E+00	3.10E+00	3.55E+00	2.74E-01	1.03E+00	5.69E+00	3.43E+00	3.14E+00
C003	7.99E-01	9.17E-01	1.46E+00	7.26E-02	3.21E+00	5.38E-01	2.42E+00	2.66E+00	1.89E+00	2.94E+00	2.86E-01	5.69E-01	3.04E+00	1.39E+00	8.17E-01
C004	1.00E-02	1.64E-01	2.11E-01	2.35E-01	1.95E-01	2.13E-01	2.22E-01	1.79E-01	3.35E-01	2.69E-01	1.61E-01	6.42E-02	2.15E-01	4.30E-01	2.44E-01
C005	1.27E+00	9.75E-01	2.33E+00	3.92E+00	5.38E+00	5.27E+00	4.42E+00	3.30E+00	3.55E+00	3.43E+00	3.37E+00	2.78E+00	3.44E+00	4.72E+00	1.97E+00
C006	7.03E-01	2.28E-01	3.92E-01	1.44E-01	2.60E+00	5.71E-01	3.18E+00	2.62E+00	2.18E+00	1.96E+00	1.61E+00	6.77E-02	1.79E+00	1.27E+00	1.01E+00
C007	1.13E+00	8.11E-01	3.69E-01	7.46E-01	3.70E+00	1.17E+00	4.06E+00	3.80E+00	3.64E+00	2.95E+00	3.15E+00	3.78E-01	2.15E+00	2.47E+00	1.34E+00
C008	1.61E-01	5.91E-02	2.00E-02	0.00E+00	5.00E-03	4.00E-02	2.00E-02	5.00E-02	5.65E-02	4.01E-02	1.96E-01	8.42E-02	2.86E-02	7.06E-02	3.82E-02
C009	1.22E+00	2.24E+00	3.64E+00	1.04E+00	5.05E+00	1.87E+00	3.97E+00	4.59E+00	3.61E+00	4.11E+00	7.62E-01	1.04E+00	4.79E+00	3.68E+00	2.33E+00
C010	2.00E-01	2.83E-01	2.25E-01	9.37E-02	3.45E-01	2.99E-01	6.31E-01	1.82E-01	3.55E-01	3.77E-01	4.09E-01	1.80E-01	1.05E-01	7.27E-01	3.13E-01
C010r	3.00E-01	1.08E-01	2.07E-01	1.05E-01	8.55E-01	2.21E-01	8.48E-01	5.17E-01	8.07E-01	8.76E-01	2.24E-01	7.88E-01	4.69E-01	1.02E+00	7.38E-01
C011	2.48E-01	1.09E-01	1.10E-01	2.43E-01	4.03E-01	6.62E-01	3.33E-01	4.39E-01	4.19E-01	2.30E-01	5.94E-01	2.92E-01	3.34E-01	4.24E-01	3.91E-01
C013	3.05E-01	5.37E-01	6.43E-01	5.54E-01	5.49E-01	7.05E-01	3.47E-01	4.56E-01	1.21E+00	8.05E-01	1.01E+00	1.87E-01	6.95E-01	5.08E-01	2.58E-01
C014	3.36E-01	2.66E-01	1.07E+00	4.22E-01	1.20E+00	4.70E-01	1.63E+00	9.82E-01	1.25E+00	1.58E+00	6.26E-01	6.18E-02	1.31E+00	1.35E+00	5.71E-01
F001	9.68E-02	6.14E-02	6.90E-01	4.12E-01	1.54E+00	1.08E+00	1.09E+00	7.92E-01	9.18E-01	1.40E+00	7.84E-01	5.50E-01	8.01E-01	1.52E+00	1.07E+00
F002	0.00E+00	9.50E-02	3.95E-01	3.95E-01	5.63E-01	2.96E-01	6.50E-01	9.23E-01	5.82E-01	7.00E-01	2.85E-01	5.06E-02	1.26E+00	6.00E-01	5.61E-01
F002r	1.01E+00	2.32E+00	2.78E+00	1.09E+00	3.24E+00	2.19E+00	3.16E+00	2.85E+00	5.09E+00	4.49E+00	1.55E+00	3.42E-01	4.24E+00	3.34E+00	2.61E+00
F004	1.12E-01	1.23E-01	4.77E-01	5.82E-02	4.82E-01	1.63E-01	6.73E-01	5.00E-01	5.75E-01	5.47E-01	6.21E-01	2.84E-01	5.34E-01	7.19E-01	3.10E-01
F005	1.56E-01	1.76E-01	0.00E+00	2.13E-01	1.27E+00	6.04E-01	9.48E-01	8.65E-01	1.41E+00	1.25E+00	1.25E+00	2.18E-01	1.21E+00	1.10E+00	6.13E-01
F006	0.00E+00	1.00E-02	0.00E+00	0.00E+00	8.13E-02	1.00E-02	9.53E-02	2.94E-02	8.27E-02	1.28E-01	0.00E+00	1.12E-01	6.94E-02	1.93E-01	2.22E-01
F007	1.83E+00	2.98E+00	7.37E+00	2.55E+00	7.45E+00	7.72E+00	8.25E+00	8.07E+00	7.94E+00	6.46E+00	4.42E+00	6.32E+00	6.10E+00	5.68E+00	3.57E+00
F008	8.78E-02	7.04E-01	5.18E-01	1.49E+00	8.70E-01	1.08E+00	1.84E+00	2.71E+00	1.71E+00	1.72E+00	4.44E-01	5.50E-02	2.15E+00	8.13E-01	7.55E-01
F010	5.41E-01	1.85E-01	5.08E-01	3.95E-01	1.61E+00	6.60E-01	1.29E+00	1.13E+00	1.21E+00	1.34E+00	8.38E-01	1.22E-01	8.03E-01	1.33E+00	9.24E-01
F011	4.18E-01	0.00E+00	4.50E-02	1.99E-01	7.86E-01	2.70E-01	1.22E+00	8.85E-01	1.51E+00	7.61E-01	1.21E+00	3.07E-02	4.68E-01	1.17E+00	4.56E-01
F012	5.10E-01	6.84E-02	3.94E-01	2.90E-02	1.30E+00	3.21E-01	1.51E+00	1.40E+00	1.41E+00	7.61E-01	7.00E-01	7.74E-02	1.15E+00	9.94E-01	5.93E-01
F013	1.94E-01	6.13E-02	1.63E-01	1.66E-01	3.49E-01	6.68E-02	2.45E-01	1.11E-01	3.40E-01	1.82E-01	0.00E+00	5.20E-02	9.02E-02	4.22E-01	4.24E-01
F014	4.26E-01	5.80E-01	2.17E-01	1.09E-01	1.87E+00	7.00E-01	2.64E+00	1.88E+00	1.98E+00	1.73E+00	1.60E+00	2.50E-02	9.67E-01	1.37E+00	9.10E-01
F015	8.36E-01	1.03E+00	2.01E+00	1.04E+00	4.75E+00	5.49E-01	4.43E+00	5.02E+00	3.21E+00	3.13E+00	7.41E-01	8.27E-01	3.64E+00	2.46E+00	9.38E-01
F016	4.50E-01	5.93E-01	1.01E+00	3.93E-01	2.90E+00	4.46E-01	2.32E+00	1.99E+00	2.83E+00	1.50E+00	1.28E+00	3.22E-01	1.47E+00	1.90E+00	1.30E+00
F017	1.26E+00	2.46E+00	1.75E+00	3.23E+00	3.24E+00	5.13E+00	2.00E+00	1.60E+00	3.23E+00	2.04E+00	1.84E+00	1.70E+00	1.84E+00	3.09E+00	1.15E+00
F018	0.00E+00	2.36E-01	4.25E-01	4.63E-01	1.23E-01	4.97E-01	1.83E-01	2.61E-01	7.81E-01	1.44E-01	8.35E-01	1.04E-01	2.64E-01	5.49E-01	2.48E-01
F019	0.00E+00	4.00E-02	8.59E-02	7.64E-02	9.71E-02	8.04E-02	1.17E-01	1.43E-01	1.27E-01	1.51E-01	1.04E-01	8.05E-02	1.11E-01	1.50E-01	1.40E-01
F020	5.87E-01	9.95E-01	1.78E+00	1.03E+00	4.62E+00	1.03E+00	3.45E+00	4.25E+00	3.50E+00	4.20E+00	8.02E-02	5.60E-01	4.42E+00	2.12E+00	1.18E+00
F021	2.55E-02	8.83E-02	4.90E-02	0.00E+00	1.47E-01	7.26E-02	1.45E-01	9.42E-02	1.59E-01	1.59E-01	2.50E-02	0.00E+00	1.35E-01	1.69E-01	1.14E-01
F022	6.29E-01	1.57E+00	9.85E-01	2.17E-01	3.51E+00	1.60E-01	3.72E+00	3.43E+00	1.66E+00	3.21E+00	7.53E-01	8.06E-01	2.94E+00	1.37E+00	8.73E-01
F023	1.95E-01	1.24E-01	1.52E-01	4.27E-02	3.97E-01	1.32E-01	4.95E-01	3.58E-01	3.61E-01	1.18E-01	5.31E-01	5.57E-02	1.21E-01	3.69E-01	2.71E-01
F024	0.00E+00	1.00E-02	8.17E-02	1.12E-02	2.68E-02	2.82E-02	4.00E-02	4.95E-02	5.13E-02	9.37E-02	0.00E+00	2.86E-02	7.64E-02	1.01E-01	1.18E-01
F026	1.82E+00	2.05E+00	3.84E+00	3.55E+00	3.82E+00	1.40E+01	3.43E+00	2.88E+00	4.82E+00	5.52E+00	2.72E+00	1.04E+01	3.97E+00	4.78E+00	2.90E+00
F027	7.67E-02	2.51E-01	0.00E+00	2.50E-02	2.34E-01	6.32E-02	1.61E-01	5.63E-01	4.64E-01	3.38E-01	4.24E-01	5.00E-03	5.33E-01	3.10E-01	4.62E-01
F029	6.22E-01	1.01E+00	0.00E+00	1.84E+00	2.24E+00	9.23E-01	2.53E+00	1.90E+00	4.04E+00	3.12E+00	1.53E+00	1.19E+00	1.58E+00	2.70E+00	2.12E+00
F031	2.25E+00	1.26E+00	2.37E+00	7.03E-01	5.52E+00	1.25E+00	5.99E+00	4.95E+00	5.26E+00	4.47E+00	1.05E+00	1.10E+00	3.53E+00	3.38E+00	9.43E-01
F034	4.34E-01	6.21E-01	5.69E-01	1.51E-01	1.31E+00	5.48E-01	1.75E+00	1.02E+00	8.72E-01	1.24E+00	6.92E-01	2.02E-01	8.70E-01	1.34E+00	6.91E-01
F036	5.75E-01	2.56E+00	2.63E+00	3.90E+00	2.02E+00	6.76E+00	2.76E+00	3.16E+00	6.11E+00	3.13E+00	2.78E+00	1.88E+00	3.26E+00	3.71E+00	2.12E+00
F037	1.03E-01	8.53E-02	1.54E-01	3.05E-02	7.32E-02	4.92E-02	5.57E-02	7.72E-02	7.38E-02	1.09E-01	0.00E+00	7.93E-02	7.04E-02	1.41E-01	2.07E-01
F038	6.19E-01	4.05E-02	3.11E-01	3.40E-01	2.59E+00	5.00E-01	2.50E+00	1.52E+00	1.32E+00	1.40E+00	7.59E-01	5.00E-01	1.20E+00	1.59E+00	8.53E-01
F039	1.39E-01	4.30E-01	5.24E-01	5.37E-01	1.50E+00	5.24E-01	2.43E+00	1.73E+00	1.09E+00	1.74E+00	3.21E-01	2.83E-01	9.49E-01	1.50E+00	1.24E+00
F041	1.24E+00	6.47E-01	5.26E+00	3.80E-01	6.21E+00	1.06E+00	4.07E+00	7.67E+00	3.91E+00	4.84E+00	1.48E+00	9.39E-01	7.69E+00	2.70E+00	1.52E+00
F042	6.33E-01	1.57E+00	1.48E+00	4.29E-01	3.23E+00	9.14E-01	2.88E+00	3.71E+00	3.21E+00	2.08E+00	9.81E-01	7.81E-01	3.45E+00	1.27E+00	9.31E-01
F043	4.18E-01	7.17E-01	5.93E-01	6.68E-01	2.44E+00	8.77E-01	1.36E+00	2.08E+00	2.20E+00	1.44E+00	6.97E-01	1.35E+00	1.67E+00	1.36E+00	1.72E+00
F044	2.00E-02	4.32E-02	2.68E-01	2.00E-02	3.30E-01	2.12E-01	5.55E-01	6.19E-01	5.58E-01	8.63E-01	4.53E-01	1.50E-02	6.50E-01	1.24E+00	1.26E+00
F045	6.50E-01	9.97E-01	6.84E-01	1.04E+00	2.61E+00	8.75E-01	2.96E+00	3.22E+00	2.60E+00	1.54E+00	1.08E+00	1.36E+00	2.00E+00	1.64E+00	8.89E-01
F046	9.78E-02	2.13E-01	2.75E-01	1.06E-01	2.49E-01	2.08E-01	2.64E-01	3.37E-01	3.26E-01	3.33E-01	1.91E-01	2.19E-01	5.45E-01	2.96E-01	2.37E-01
F048	0.00E+00	5.31E-02	1.00E-02	1.56E-01	1.47E-01	3.80E-01	1.75E-01	3.57E-01	4.11E-01	4.19E-01	5.26E-02	2.42E-01	1.56E-01	3.49E-01	7.41E-01
F050	3.40E-02	1.66E-01	1.53E-01	3.50E-02	8.13E-02	1.12E-01	4.86E-02	1.10E-01	1.00E-01	9.35E-02	5.02E-02	6.93E-02	9.58E-02	6.43E-02	5.37E-02
F052	2.08E-01	9.36E-02	1.64E-01	4.28E-02	8.26E-01	1.05E-01	4.57E-01	5.44E-01	6.56E-01	7.29E-01	1.06E-01	3.48E-02	7.74E-01	5.52E-01	3.83E-01
F053	3.84E-01	3.57E-01	4.09E-01	1.01E-01	1.19E+00	2.23E-01	1.14E+00	1.90E+00	1.72E+00	9.26E-01	5.68E-01	6.55E-01	1.29E+00	7.96E-01	1.64E+00
F054	1.68E-01	3.10E-02	2.08E-01	0.00E+00	4.76E-01	7.28E-02	7.71E-01	5.45E-01	4.59E-01	6.65E-01	1.73E-01	7.62E-02	5.29E-01	6.17E-01	3.84E-01
F055	1.57E+00	2.76E+00	4.01E+00	5.29E+00	1.70E+00	4.71E+00	1.86E+00	2.53E+00	5.75E+00	3.37E+00	3.46E+00	9.98E-01	1.33E+00	3.31E+00	1.52E+00
F056	3.48E-01	2.66E-01	7.49E-01	3.50E-02	8.71E-01	2.96E-01	1.10E+00	8.14E-01	6.15E-01	8.27E-01	3.21E-01	3.81E-01	3.87E-01	1.10E+00	7.73E-01
F057	9.57E-01	4.51E-01	2.22E+00	3.95E-01	3.14E+00	1.10E+00	3.07E+00	2.73E+00	2.88E+00	2.05E+00	1.70E+00	6.33E-01	2.83E+00	2.34E+00	9.04E-01
F058	1.81E+00	1.52E+00	3.90E+00	1.74E+00	5.18E+00	1.37E+00	5.65E+00	4.29E+00	4.28E+00	5.19E+00	2.35E+00	1.24E+00	4.26E+00	3.74E+00	2.06E+00
F059	1.41E-01	7.00E-02	1.82E-01	2.39E-01	1.64E+00	4.13E-01	1.76E+00	2.32E+00	2.36E+00	1.28E+00	2.84E+00	2.96E-01	7.63E-01	9.92E-01	4.22E-01
F059r	7.74E-01	1.25E-01	6.83E-01	5.04E-01	1.94E+00	9.14E-01	1.25E+00	2.74E+00	2.74E+00	1.32E+00	2.85E+00	5.12E-01	1.69E+00	1.19E+00	9.97E-01
SJ01	2.24E+01	2.72E+01	2.17E+00	9.93E+00	3.95E+00	4.14E+00	2.13E+00	2.58E+00	6.30E+00	2.54E+00	4.16E+00	1.18E+00	1.80E+00	2.88E+00	1.07E+00
SJ02	1.10E+00	1.83E+00	1.64E+00	5.40E-01	2.05E+00	7.08E-01	2.86E+00	3.20E+00	3.19E+00	1.56E+00	1.04E+00	2.77E-01	1.83E+00	1.89E+00	1.91E+00
SJ03	1.17E+00	7.02E-01	1.52E+00	1.16E+00	3.83E+00	9.57E-01	4.06E+00	2.83E+00	4.06E+00	3.04E+00	2.64E+00	0.00E+00	2.23E+00	3.92E+00	1.40E+00
SJ04	0.00E+00	6.94E-02	0.00E+00	0.00E+00	1.16E-01	1.64E-01	7.78E-02	1.88E-01	1.87E-01	1.11E-01	0.00E+00	2.04E-01	4.02E-02	2.25E-01	4.45E-01
SJ08	5.86E-01	7.06E-01	7.55E-01	4.21E-01	2.56E+00	1.10E+00	3.12E+00	2.39E+00	2.04E+00	1.74E+00	1.56E+00	5.05E-01	1.29E+00	1.94E+00	8.41E-01
SJ09	1.88E-01	1.13E-01	1.76E-01	4.17E-01	9.20E-01	3.45E-01	1.73E+00	1.26E+00	9.94E-01	1.52E+00	6.66E-01	3.19E-02	8.28E-01	1.64E+00	1.28E+00
SJ10	7.64E-01	1.40E+00	1.65E+00	2.54E+00	1.89E+00	5.41E+00	1.09E+00	1.46E+00	2.84E+00	3.61E+00	1.82E+00	3.94E+00	3.32E+00	2.24E+00	1.58E+00
SJ12	8.92E-01	7.59E-01	2.10E+00	3.39E-01	2.00E+00	1.02E+00	2.75E+00	2.69E+00	1.87E+00	1.79E+00	1.06E+00	4.80E-01	2.12E+00	2.35E+00	1.11E+00
SJ13	1.83E-01	9.02E-01	2.21E+00	3.83E-01	7.12E-01	6.98E-01	1.13E+00	9.68E-01	9.13E-01	1.78E+00	2.29E-01	4.73E-01	1.23E+00	1.24E+00	6.50E-01
SJ14	6.59E-02	4.58E-01	1.17E+00	2.86E-01	1.17E+00	1.02E+00	1.21E+00	7.62E-01	7.56E-01	9.98E-01	8.42E-01	8.17E-02	1.23E+00	1.23E+00	6.47E-01
SJ17	5.27E-01	5.75E-01	2.72E+00	8.31E-01	2.83E+00	1.02E+00	2.06E+00	2.02E+00	1.34E+00	3.04E+00	2.97E-01	6.01E-01	4.19E+00	1.76E+00	1.16E+00
SJ18	4.03E-01	7.03E-01	9.98E-01	2.54E-01	9.60E-01	5.66E-01	9.90E-01	1.75E+00	1.71E+00	1.50E+00	8.64E-01	0.00E+00	1.75E+00	1.02E+00	7.79E-01
SJ19	9.94E-01	2.31E-01	7.43E-01	4.98E-01	3.07E+00	7.23E-01	2.71E+00	2.84E+00	2.02E+00	2.35E+00	1.32E+00	7.30E-01	1.65E+00	2.33E+00	1.72E+00
SJ20	2.53E+00	4.19E+00	7.75E+00	2.56E+00	7.42E+00	3.55E+00	7.30E+00	5.39E+00	7.70E+00	8.31E+00	2.41E+00	2.16E+00	7.80E+00	7.27E+00	4.02E+00
SJ25	4.17E-01	8.97E-01	1.04E+00	4.54E-01	8.67E-01	1.68E+00	9.13E-01	4.37E-01	1.28E+00	1.84E+00	4.79E-01	2.68E+00	6.06E-01	1.86E+00	1.48E+00
SJ28	1.71E+00	1.92E+00	4.26E+00	1.21E+00	5.44E+00	3.53E+00	5.93E+00	4.77E+00	4.17E+00	4.74E+00	2.12E+00	1.72E+00	4.84E+00	5.11E+00	5.05E+00
SJ31	2.14E-01	1.51E-01	9.98E-01	3.40E-01	5.47E-01	2.99E-01	3.58E-01	3.30E-01	6.03E-01	1.52E+00	5.78E-01	0.00E+00	6.55E-01	3.19E+00	2.99E+00
SJ32	1.15E+00	3.60E+00	3.78E+00	3.48E+00	4.00E+00	4.94E+00	3.38E+00	3.43E+00	6.14E+00	4.45E+00	3.19E+00	2.02E+00	3.50E+00	3.32E+00	1.87E+00
SJ33	8.29E-01	6.50E-02	6.46E-01	2.24E-01	2.74E+00	3.34E-01	2.24E+00	2.19E+00	1.44E+00	1.65E+00	1.23E-01	2.61E-01	1.76E+00	1.63E+00	7.24E-01
T135	4.69E+01	3.88E+01	1.30E+01	1.03E+01	1.26E+01	4.77E+00	1.13E+01	1.40E+01	1.76E+01	1.66E+01	3.20E-01	5.52E+00	1.19E+01	8.80E+00	6.39E+00
