MutationType	SBS96A	SBS96B	SBS96C	SBS96D	SBS96E	SBS96F	SBS96G	SBS96H	SBS96I	SBS96J
A[C>A]A	0.01054391267738538	0.008260618944623275	0.008103055859822628	0.004413730603973893	0.024361777057329163	0.0158277629324696	0.04044943661428988	0.00486757954622135	0.008091507329081753	0.021496080517329118
A[C>A]C	0.030511461175683506	0.015389924986666302	0.0342734005881357	0.010893614496566215	0.008476310536789242	0.012760932786602695	0.015852688250597567	0.0016879343134132796	0.003529946061419338	0.013806048005790217
A[C>A]G	0.0007622333333915998	0.0004176459613518091	0.0025438341057747492	0.0009887431379706868	0.0021645338314999485	0.012838471361352789	0.007897185765455107	0.003714679774305125	0.016253492234116037	0.0018852521668071632
A[C>A]T	0.019698311048559843	0.0018661651586370453	0.009803933516760139	0.002355358088648245	0.020681185141584138	0.009203249351614744	0.021075146766379477	0.002382913979177382	0.004672876473487122	0.00862223880431415
A[C>G]A	0.0021576182792884422	0.004012210139368335	0.012077558441935707	0.006335682443024524	0.04063930187374353	0.0073494941080218725	0.015075979428365827	0.0018469371590313344	0.006538887667474001	0.015466299369549574
A[C>G]C	0.0013312506811784175	0.005392900746799114	0.0056883455390743624	0.007200240091642059	0.016623875910972856	0.004980234516624478	0.007679393345156314	0.0019216572847179946	0.005293927991326797	0.0022224789509655805
A[C>G]G	0.0006340514120124085	6.950346051819877e-05	0.0007986146516751802	1.3677279355723825e-05	8.350213277410035e-05	0.03808981959228426	0.014955519857562365	7.718877783577938e-05	0.036252057810610555	0.00015769575788581846
A[C>G]T	0.0045033595939854365	0.004605621222377181	0.005659041075366247	0.013207434091753782	0.0523106283089146	0.017363630137011653	0.008502259778161943	0.002700961414381453	0.0059488939715018315	0.0034869065182776284
A[C>T]A	0.004356502629234455	0.04745653397811111	0.01546577277556935	0.02043200685238048	0.04125826545630844	0.03087701189739164	0.03333983396179974	0.04084550955798477	0.009913105596933747	0.049649206073190726
A[C>T]C	0.006328993663773872	0.037853411893447625	0.0076657708657933196	0.02037214670854155	0.00791183766830386	0.01883770408574492	0.0016493473750364654	0.01782680148454034	0.005428641129947209	0.01457123504004258
A[C>T]G	0.007757766967479256	0.004837295331717542	0.002373814184687717	0.0022580897465712723	0.004168674627378408	0.03547608909479436	0.03435523473381183	0.10855169724673033	0.03075683038841362	0.005648340808525632
A[C>T]T	0.005379785119548615	0.037671882401918995	0.007411515849416901	0.0290737783908844	0.015532452827173984	0.021405073540142892	0.007055875601399748	0.026282476744255517	0.01339668619351869	0.013528370916538014
A[T>A]A	0.0038585591181049496	0.010513445959893487	0.010635779055180592	0.005309772967159887	0.008160770023817187	0.011218723676618083	0.004205578254839963	0.0022968159870414696	0.002206288395227034	0.007660060281603016
A[T>A]C	0.006010094822268002	0.0055360592105030545	0.008600776919030296	0.005919073101166817	0.0035501436192742373	0.005721800252412095	0.0020861571177510996	0.0018146047692098933	0.00732968846692529	0.0021229322498270875
A[T>A]G	0.0025533919259760297	0.004415133908195372	0.008467950754620403	0.005375339060641977	0.007392684931018323	0.006224209878312479	0.002300687515958089	0.008772820200829373	0.002077643055882553	0.0025984470774084657
A[T>A]T	0.0075932770271174375	0.007766430201935179	0.007584629587072413	0.008600065406855224	0.008064480477943335	0.010587481537084784	0.0069916124003066215	0.0029258625062992395	0.01035949252494902	0.02530994709872175
A[T>C]A	0.0021205786004230265	0.038740364671684804	0.019135852724425605	0.03649337354846921	0.011558345228079503	0.019324670740461444	0.0033606849995339873	0.026286084581970216	0.020473985202739867	0.0560007764515467
A[T>C]C	0.0018743008406806893	0.013355982549412601	0.010767479752813643	0.021857276638511395	0.008692289720828038	0.007300996448443584	0.003299306393128063	0.00539786496540259	0.0026983186321422182	0.005889726203651187
A[T>C]G	0.0020884619692515117	0.02724684521971767	0.008731497472253977	0.02889163164421916	0.006052275975519734	0.018855237829181987	0.0009767685167105355	0.011302400021924121	0.010041895405011018	0.01452221118325241
A[T>C]T	0.0023803850535183873	0.05147632939973846	0.015607302344441082	0.05037719502852269	0.01290662591286048	0.01339480720559095	0.0019144930589368415	0.03748879053397104	0.015300829973981333	0.01107023390460533
A[T>G]A	0.0018877138494099199	0.002788551659435008	0.002505592267918722	0.008094754664399488	0.006838312556280926	0.005948854550608474	0.0012677812967376667	0.0030682120346573073	0.010721728437929415	0.017436794107964032
A[T>G]C	0.002523815277709218	0.002968895100157578	0.0018678849446774849	0.0017048057298965301	0.002089690129944186	0.003324211743314418	2.7567807119339705e-05	0.0011395062790961318	0.0038385569141792075	0.006362972075365719
A[T>G]G	0.001674687695905277	0.0032450044153344492	0.006483267826728394	0.002506030281808762	0.0014666062353535382	0.005645758657298501	0.0010797462473021823	0.003214722173782576	0.003094248137820301	0.04496222707525703
A[T>G]T	0.002057940725762819	0.006976774180133915	0.004850560049009971	0.01836885976224494	0.013837559788154864	0.01002000802740455	5.5106775762396864e-05	0.0015777127649570844	0.018294689631438814	0.012089695143376673
C[C>A]A	0.015056536627234891	0.0029970501689939176	0.014930676487161919	0.006454471303151763	0.0035934478171338923	0.014319650720129716	0.05300271635875106	0.007428633117268078	0.009152646356867557	0.004551013986786074
C[C>A]C	0.012312408870084956	0.0098673752805189	0.015699518277542665	0.007009353986795759	0.004120249514561607	0.010316759243118447	0.01396601127809845	0.0017761618570546033	0.011368693413969596	0.004353426581654211
C[C>A]G	0.0021896891553410567	0.002379440224116678	0.0020901119440463844	0.0009843413074177932	0.001608449199367783	0.011447488827655831	0.006138668628542927	0.004946500414990176	0.011031973875596606	0.0007408934982171189
C[C>A]T	0.030719237008787557	0.0002831799971713878	0.03710747762126289	0.0005430316252017064	0.007901695161046973	0.005084270410544036	0.024339834861457348	0.00014209046421484573	0.008510696930025007	0.0008581670460419782
C[C>G]A	0.0025891152480198797	0.0015147084412311784	0.002722766066933531	0.005726431257266569	0.019431127275984183	0.006723248850196626	0.0041808895367523745	0.000848370043076585	0.0069069150470766425	0.009163461239128735
C[C>G]C	0.00442287138546817	0.0020666922123163543	0.0034036739919633876	0.004478242958050061	0.0054702269592467444	0.006680225454298352	0.005261415397435485	0.0013664357203231248	0.00835242576606106	0.0026983438925362933
C[C>G]G	0.0017194233187569808	0.00043249203396200197	0.0005203444565216131	0.0007246716622728044	0.003079284898132499	0.008411230990245037	0.0023281065177248195	0.00020618822109184088	0.005780709739716343	0.0004228303341579281
C[C>G]T	0.010907586064422502	0.007163820049327114	0.008795592743599059	0.0078683618344985	0.018051241948022607	0.009320735388690764	0.003508250612358097	0.0009820376226312916	0.00891967834317711	0.0046923765347163734
C[C>T]A	0.03971297229640186	0.031860793351661414	0.005841133903850326	0.021729705370917146	0.02758672203635797	0.014693200699466835	0.01080584171708324	0.027527119841543025	0.015006624695670325	0.0028044223160813074
C[C>T]C	0.17502978771924974	0.01992950253280589	0.033034518929473504	0.012666073895157998	0.00562215519944246	0.007724770012466443	0.0020766181596889944	0.008039581000461737	0.00416291231230332	0.004803762753026678
C[C>T]G	0.007310144655930344	0.010212273317752159	0.003985598791016401	0.009022225726366741	0.00499939517843984	0.024658965845968623	0.027287805469532033	0.11060797072947025	0.009559569391308287	0.0073964013009001125
C[C>T]T	0.15732136312872172	0.036953375478624366	0.013583528795281836	0.019408165011831964	0.0029541728724312754	0.016381218505069624	0.0049589242843853755	0.023905399461237948	0.009741872945947562	0.016355532599833397
C[T>A]A	0.019755326236777365	0.001266958682238588	0.013430095563007241	0.003397995341864757	0.006182331346804233	0.00244828944744242	0.0011325079654924508	5.747326456102542e-06	0.0017977776402422307	0.0008497409098467529
C[T>A]C	0.020398260031600442	0.0009548304430587251	0.024928512590735464	0.0021179483308776796	0.0013119079164465575	0.004537744170109761	0.0005267114587081967	0.0029106044630231053	0.009168744018988945	0.002227517223090736
C[T>A]G	0.023702471916353714	0.0008991151854945656	0.02437623023899022	0.0009338392472301394	0.0026604972419750086	0.004999786487757661	0.0066339504519078215	0.0028684711655861863	0.0034424648089228073	0.0022478447342476216
C[T>A]T	0.03569091992493895	0.00036317529976031437	0.03591863833445913	0.0006084301842635221	0.0069363724422311715	0.005225973119991139	0.0008810585735760945	0.00010568027053714957	0.020766823401208966	0.0010757631792244471
C[T>C]A	0.0044347527823265405	0.011663767779537012	0.009365069072762964	0.016538917718571612	0.003741462044254149	0.011335219467343336	0.0021357355816262213	0.002413279265001336	0.005320818119098476	0.014504308267807459
C[T>C]C	0.00895639501052301	0.011047455921361688	0.01240288675920965	0.008849751201887556	0.007428480751715369	0.003006513223755576	0.006927443945276366	0.0008802636527389041	0.017280237476807087	0.0024784568494392546
C[T>C]G	0.0035364952694999373	0.015455332053206802	0.01598260318062586	0.017321179876489623	0.006866375737400006	0.007824647029118524	0.0039150943980735065	0.01129900163039565	0.011696087490126955	0.00878795727682018
C[T>C]T	0.003604780748428311	0.016425556192407386	0.01994886992382817	0.015039006868375964	0.008689983768972525	0.01042157446118381	0.004247288791812025	0.010696330474402202	0.06191783944144845	0.029646510095118685
C[T>G]A	0.0023476352386970233	0.0019476225829491867	0.003927707890897381	0.0018053095687572097	0.0029539894141993274	0.002620351834572432	0.0006241737965780203	0.0006935871441524974	0.005344180683023296	0.007206653910082323
C[T>G]C	0.0007278850826659777	0.0007444258586886027	0.002945223416548828	0.000959233483787707	0.006963768903912104	0.0022201785389370345	3.327237664052518e-08	0.001964244077416879	0.007201488417539821	0.0010909629125067876
C[T>G]G	0.002635187505429144	0.0006866713433868199	0.008646688723238184	0.003408916945148306	0.003532406121090261	0.004603439101765119	0.0067176020068009734	8.981258626405975e-05	0.008118837240899665	0.005297199600094247
C[T>G]T	0.0019644267966612006	0.0025388837223018256	0.004570405115454577	0.004382092926527648	0.002095496571956943	0.008892181310663147	0.0014913582331264764	3.7317196221700044e-05	0.12381787348538636	0.000570270211934627
G[C>A]A	0.013244658021717442	0.009089906134716443	0.025348810401135326	0.005629041463766953	0.0013266249130583674	0.01033554776975734	0.10030125612393022	0.003407709116059028	0.006326579876730989	0.0033692445783501056
G[C>A]C	0.03256513061467558	0.006099609775216578	0.03580758838506881	0.008405311664415507	0.003682083151342437	0.005656518179746399	0.006793318835314141	0.00867016975539208	0.0016573102738483669	0.002143139606440004
G[C>A]G	0.0010719007914133272	0.0019129373877141377	0.0008155959882140706	0.0017143577923233978	0.00394998444988687	0.005044533453224389	0.007104537824052386	0.001536508365057081	0.004873658692168874	0.005687112921081408
G[C>A]T	0.0063637878196698945	0.0015017049521235037	0.009888540561184982	0.0026383535997831584	0.011069486219887513	0.005992943360446365	0.05674407087266445	0.00010197430226554615	0.002046606243060296	0.005975992070405134
G[C>G]A	0.0013142889562398352	0.000757940709411411	0.0064777472156427275	0.0019834657431570557	0.018054683143708415	0.0072599303953230976	0.0017407291809675486	1.1894180467209025e-08	0.00409322484033595	0.0011137882006273347
G[C>G]C	0.01065561502136461	0.001180441435172348	0.02543134866238688	0.0023852337889255747	0.009642802525787602	0.0026896947891583522	0.0034136282442233322	5.217417870564844e-05	0.0010001351908870504	0.0034625759767059703
G[C>G]G	0.00033222780736139154	0.0004806285707360974	0.0005423030756287734	0.0012875315132505017	0.0002489494385392277	0.005848927697400513	0.001626990386372995	0.0008238216139622523	0.004131036905350243	0.0005832152748788211
G[C>G]T	0.008801374260219746	0.002545344546589661	0.01108243873207556	0.006084122381305406	0.018584650561979287	0.00860943482077232	0.0020305377952107052	9.613662168419524e-06	0.013778449205274228	0.004067526437531228
G[C>T]A	0.012068859147257171	0.029464503639610486	0.01809954286288189	0.027944985744543373	0.029841483183554375	0.016459938627053815	0.002832042092644542	0.021075529921728276	0.003475434409153877	0.003686963441018989
G[C>T]C	0.006524904383986722	0.029363794693781527	0.020061484583420677	0.03735249314806424	0.01745286669320194	0.011681733848163343	0.015103086541057565	0.019455356680377917	0.003359974858467467	0.007799268021806824
G[C>T]G	0.002443917364071524	0.005499027226746307	0.006038363825379172	0.007158870889474542	0.0004890528787376684	0.016764837308894585	0.015288616278577366	0.10069876909255981	0.013611188824628471	0.009742916509858984
G[C>T]T	0.006353579561400693	0.025293678055893453	0.015352890556275383	0.04108329951646738	0.017362786195708396	0.02265404538004077	0.004207276487359195	0.02755669424233872	0.005874860991752939	0.009623968880836173
G[T>A]A	0.0015653629768348765	0.0004740564249482304	0.004689149577526735	0.0017086812286333953	0.007841654040891797	0.0038829716820031022	0.00389601645674702	0.005664211314408405	0.0015594540488297782	0.005664460805566023
G[T>A]C	0.0036630874505146948	0.0007650401182962252	0.007985625351720956	0.0008724682607354594	0.004458159987314616	0.0041428756048873085	0.0026299510710600773	0.00023244423651000545	0.003876841968899498	0.0019197565332125333
G[T>A]G	0.0015878809310005692	0.0012226157739347343	0.006223995094774537	0.0017240831855277515	0.007736813600493946	0.005158648497592963	0.0008567288184534049	0.0022826600348185267	0.0009710744057423427	0.004554076336474751
G[T>A]T	0.0023479397699472317	0.003741674003904336	0.003770973783026648	0.002027001907316972	0.008250792419740093	0.0052043329458975555	0.003275542481960656	0.004423872422436606	0.012188126991968602	0.0025372819913216916
G[T>C]A	0.0016994833969147293	0.01604388355535093	0.005549933110369807	0.01420608069697721	0.005989630836729702	0.0072745863412168885	0.0019958386400278105	0.005985981440206274	0.006835392520189032	0.021149490858137058
G[T>C]C	0.004369985621264334	0.007277365614158553	0.026086490995087815	0.008608601314912	0.0036234500395209324	0.0034719342529152364	0.002095507500303029	0.00031711483141606323	0.0013547213280686776	0.001624722771420366
G[T>C]G	0.002193139043956762	0.012599405711208362	0.0031426991016140706	0.010578142386970626	0.005864012874246071	0.0063895025479939705	0.0030004784226883886	0.0055804889203515985	0.005043859397695627	0.02006808455254216
G[T>C]T	0.002224710775053609	0.01945539204871778	0.010168352407368957	0.01670032101360846	0.007055565945082662	0.00991452349789121	0.002264265683168105	0.001469959981757256	0.016137547563994305	0.009059895637234812
G[T>G]A	0.0004513675335398659	0.002538167727782721	0.0022265910739626806	0.0019833905096103875	0.003502447625126308	0.0027161359650807525	0.002204723778831408	2.373995084774094e-05	0.003300035099417755	0.007759466036259717
G[T>G]C	0.002616149952598619	0.0001720926607683859	0.007607038325392565	0.0003515328823140251	0.00027560963215236714	0.0036646775032630786	0.0007591358752138433	0.00013515251945632364	0.0048414219092629196	0.004901552182186428
G[T>G]G	0.001711934499508061	0.0005840682302678601	0.004498031254730677	0.0017693822945058458	0.005191634206044	0.005212257745458828	0.005121988597675226	0.0018165841147685668	0.004493424582524313	0.007778743625702589
G[T>G]T	0.0021873508493493433	0.003391308752340194	0.0018656560770459406	0.0027690268649903514	0.008111789238383835	0.006270519851593121	0.003194294704865115	0.0016714026003875483	0.027888335473835468	0.00711523830978507
T[C>A]A	0.013147211946488824	0.008718826986421391	0.009283921887019915	0.00943090939472313	0.007718336261855256	0.012681002675590207	0.06089496349915862	0.006266465280228886	0.006622113006557848	0.008893678827405438
T[C>A]C	0.012353194023453397	0.008655123953158182	0.019308806468998227	0.011236822658122083	0.009772776900071011	0.010698584683532318	0.021732816216535868	0.007561637500530196	0.006571684681834995	0.004334897778649299
T[C>A]G	0.0005263465105063858	0.0002759615324015741	0.0018898785223922232	0.0003474092960536268	0.001294818007321794	0.004253427773812533	0.008699512786697595	0.0007306113228428934	0.00360434564134124	0.0007728203655921106
T[C>A]T	0.025618757780048327	0.006600770328296335	0.004711740569596259	0.0059197760533942385	0.009349592313407698	0.011579736993287782	0.10681443512439728	0.004277475895561906	0.013803739870436402	0.002251879755475128
T[C>G]A	0.00091534401508513	0.003022915883759065	0.016831757484352748	0.010924345702142943	0.03319112972356379	0.006038961224900561	0.005004807113252809	0.002312395428856209	0.007665034639937857	0.0030207960650451325
T[C>G]C	0.0027528501955961814	0.004153677103411867	0.008766641415131744	0.01098588423797139	0.008166397642919493	0.01026933751385144	0.0053586723655214994	0.0007529062423847677	0.008425078390709188	0.002017645442992304
T[C>G]G	0.00043095183602900986	0.00048719666284396723	0.0004612013766869083	0.00048158095573320737	0.00022717716051520398	0.016032839143351085	0.008829007748973652	0.00046601913631937107	0.011981742642014695	0.001782942594689203
T[C>G]T	0.014726071492768824	0.01148754079520998	0.015678705839696647	0.012849165696335945	0.06862864156253635	0.010345205628554082	0.005449168864570879	0.0006532629723608352	0.012859163149514644	0.012766370075229077
T[C>T]A	0.009335558895982103	0.02970719224969798	0.0124034354906724	0.019137368385272566	0.026046534943598088	0.019156971268369034	0.007966973671573214	0.03392263113695662	0.011846893138426821	0.013086110502691905
T[C>T]C	0.01482295421184972	0.037313612047582864	0.011473740958003874	0.031263757753185926	0.00945040850478108	0.01530969512812267	0.006692979123981786	0.02870504598598927	0.005643592468472014	0.018720191777635762
T[C>T]G	0.0016989213757915447	0.004047071391557395	0.0032655955122862677	0.005712340670759204	0.002711033586422218	0.01291476004495351	0.022042633248493076	0.06982837315648795	0.00887748067068145	0.011551173720542183
T[C>T]T	0.024181733084842564	0.041273995665833355	0.0070943213308142395	0.023833438112051228	0.01611365381264477	0.017198450884782234	0.007817129657502125	0.018371829991956475	0.010504843895760133	0.03066394995504652
T[T>A]A	0.008170564085012301	0.00926950365961602	0.00645474496866882	0.017166107740813175	0.0035057053404671024	0.01828317217974245	0.00443958975658461	0.014790328409285394	0.0028717150009788385	0.027265222600577774
T[T>A]C	0.0026935988800596534	0.002713624747088379	0.011023406048116158	0.005254000995514038	0.008215704137606394	0.0057282481075148104	0.00471553596750141	0.002267858145728141	0.008237784895178492	0.001486892076299533
T[T>A]G	0.00185159380600453	0.0028835974460984914	0.0060649448197727905	0.0019542876471645345	0.004693667331359919	0.007349209086126791	0.0016940288622208754	0.0018827305685525176	0.0052656134695530455	0.0035806333938196745
T[T>A]T	0.002152115807186874	0.021355015164881478	0.011396695869940458	0.007991622668305354	0.011600902696045523	0.013243994304812077	0.00905021870683413	0.00571974192650444	0.018104954986404208	0.011719733632188535
T[T>C]A	0.00525079921093259	0.014303427519625983	0.006131507919884598	0.025860479931909593	0.013258903800013967	0.01692952078560893	0.00343153026602522	0.007824745897482898	0.010510344277718105	0.01477970953433566
T[T>C]C	0.0006888940642366492	0.02315811708336696	0.013945478327805176	0.011905235174424576	0.005099229636592781	0.006190701367545444	0.003777464638722563	0.0011461159507425123	0.005825396970071779	0.03129373510445788
T[T>C]G	0.0015331322819957904	0.013817700959563979	0.007463523579977363	0.02207784995516718	0.01127463673573743	0.009130112568263656	0.003394731268999749	0.006678719656505478	0.003980401003611007	0.005937250340306903
T[T>C]T	0.0017967947322722465	0.023540392541840448	0.009965952390994062	0.03389622909598984	0.02150202362507116	0.015310034165754872	0.008060928081104066	0.0199910259213199	0.00607208773926715	0.03330652678804995
T[T>G]A	0.0017046116612473839	0.004593793341692845	0.003586389343862777	0.01193201165714335	0.0068247658660402525	0.008113165274789082	0.0044045025851301035	0.0021680404529818985	0.0022800575699918114	0.02173067885247292
T[T>G]C	0.0004902798204977899	0.0020927631144920158	0.0045252104057438205	0.002561446096697679	0.004902490544351963	0.0025514629937080004	0.0017753559054467516	0.0015562844319269686	0.004154174905052059	0.007192961509479723
T[T>G]G	0.0042130361345334676	0.0035236344542136067	0.0047299945679378655	0.008306296155789141	0.0033500158867684603	0.006716955336997046	0.004953972065777634	0.004389029901390131	0.005768037057569017	0.03145035238069568
T[T>G]T	0.002951913420101846	0.009031927932519467	0.009520094727777177	0.018985473092761822	0.02489107151166536	0.01519950627263654	0.005977042535523652	0.005012218362826388	0.02892292256001383	0.05761537103448063
