MutationType	SBS96A	SBS96B	SBS96C	SBS96D	SBS96E	SBS96F	SBS96G	SBS96H	SBS96I	SBS96J
A[C>A]A	3.73E-04	6.67E-04	5.30E-04	5.73E-04	8.08E-04	8.81E-04	6.03E-04	4.28E-04	4.31E-04	1.14E-03
A[C>A]C	6.87E-04	6.22E-04	1.06E-03	6.69E-04	4.80E-04	6.75E-04	3.65E-04	2.54E-04	2.65E-04	8.19E-04
A[C>A]G	7.24E-05	8.36E-05	1.66E-04	1.62E-04	1.87E-04	8.45E-04	2.90E-04	2.14E-04	5.50E-04	2.46E-04
A[C>A]T	3.51E-04	2.72E-04	5.94E-04	4.42E-04	6.34E-04	5.72E-04	4.25E-04	2.86E-04	2.94E-04	6.14E-04
A[C>G]A	1.49E-04	4.39E-04	6.06E-04	5.58E-04	8.86E-04	7.69E-04	3.99E-04	2.57E-04	4.27E-04	9.43E-04
A[C>G]C	1.02E-04	3.65E-04	3.19E-04	5.09E-04	5.69E-04	4.84E-04	2.57E-04	1.79E-04	2.99E-04	3.45E-04
A[C>G]G	9.13E-05	3.70E-05	1.10E-04	1.14E-05	3.61E-05	2.85E-03	9.19E-04	3.36E-05	1.96E-03	8.83E-05
A[C>G]T	2.43E-04	4.49E-04	5.01E-04	9.13E-04	9.89E-04	9.89E-04	4.17E-04	3.18E-04	4.45E-04	6.68E-04
A[C>T]A	3.80E-04	1.30E-03	1.11E-03	1.14E-03	1.11E-03	1.73E-03	6.01E-04	9.82E-04	6.81E-04	2.03E-03
A[C>T]C	3.85E-04	9.51E-04	8.02E-04	8.08E-04	5.61E-04	1.01E-03	1.72E-04	6.35E-04	3.55E-04	1.09E-03
A[C>T]G	4.69E-04	5.34E-04	3.84E-04	3.76E-04	3.66E-04	2.21E-03	1.08E-03	1.40E-03	1.26E-03	6.84E-04
A[C>T]T	3.36E-04	8.10E-04	7.75E-04	8.69E-04	7.26E-04	1.03E-03	3.00E-04	7.39E-04	4.67E-04	9.53E-04
A[T>A]A	1.77E-04	6.11E-04	4.43E-04	5.64E-04	5.25E-04	6.95E-04	2.18E-04	2.68E-04	1.85E-04	8.70E-04
A[T>A]C	1.96E-04	3.64E-04	3.46E-04	3.62E-04	2.59E-04	4.23E-04	1.39E-04	1.61E-04	2.95E-04	3.17E-04
A[T>A]G	1.37E-04	2.99E-04	2.99E-04	3.40E-04	3.16E-04	3.94E-04	1.46E-04	3.07E-04	1.77E-04	3.54E-04
A[T>A]T	2.15E-04	5.43E-04	5.89E-04	6.58E-04	4.35E-04	7.62E-04	3.08E-04	3.06E-04	4.46E-04	1.06E-03
A[T>C]A	1.74E-04	1.13E-03	1.22E-03	1.25E-03	7.09E-04	1.47E-03	2.99E-04	8.12E-04	7.56E-04	1.41E-03
A[T>C]C	1.11E-04	5.89E-04	5.02E-04	6.59E-04	4.55E-04	6.23E-04	1.70E-04	3.64E-04	2.36E-04	6.57E-04
A[T>C]G	1.48E-04	8.83E-04	7.68E-04	9.93E-04	4.97E-04	8.62E-04	1.17E-04	5.17E-04	4.49E-04	9.27E-04
A[T>C]T	1.86E-04	1.61E-03	1.16E-03	1.69E-03	9.22E-04	1.40E-03	1.84E-04	9.65E-04	8.08E-04	1.29E-03
A[T>G]A	1.14E-04	2.79E-04	3.56E-04	6.23E-04	4.17E-04	4.99E-04	1.05E-04	2.38E-04	3.16E-04	8.77E-04
A[T>G]C	1.06E-04	2.27E-04	1.60E-04	1.81E-04	1.75E-04	2.99E-04	1.42E-05	1.24E-04	2.12E-04	4.61E-04
A[T>G]G	1.06E-04	4.46E-04	4.44E-04	4.78E-04	2.67E-04	5.15E-04	1.05E-04	2.76E-04	2.93E-04	1.43E-03
A[T>G]T	1.14E-04	5.10E-04	5.22E-04	8.32E-04	6.46E-04	7.87E-04	1.94E-05	1.93E-04	5.02E-04	9.61E-04
C[C>A]A	4.78E-04	3.27E-04	6.61E-04	5.32E-04	3.18E-04	8.32E-04	5.76E-04	3.72E-04	4.69E-04	5.74E-04
C[C>A]C	2.98E-04	3.99E-04	4.91E-04	4.32E-04	3.47E-04	5.76E-04	3.04E-04	1.89E-04	3.54E-04	4.34E-04
C[C>A]G	1.20E-04	2.30E-04	1.59E-04	1.47E-04	1.81E-04	8.17E-04	2.81E-04	2.33E-04	6.18E-04	1.83E-04
C[C>A]T	9.04E-04	9.03E-05	1.44E-03	1.39E-04	4.60E-04	5.25E-04	4.37E-04	5.60E-05	3.79E-04	2.33E-04
C[C>G]A	1.36E-04	2.58E-04	2.88E-04	4.63E-04	6.12E-04	4.80E-04	2.30E-04	9.41E-05	3.03E-04	6.98E-04
C[C>G]C	1.45E-04	2.48E-04	2.22E-04	3.34E-04	3.25E-04	4.15E-04	2.13E-04	1.60E-04	2.64E-04	3.57E-04
C[C>G]G	9.76E-05	8.30E-05	8.36E-05	9.50E-05	1.81E-04	5.65E-04	2.29E-04	5.15E-05	3.87E-04	1.01E-04
C[C>G]T	2.46E-04	4.85E-04	4.03E-04	5.68E-04	5.11E-04	5.46E-04	2.05E-04	1.33E-04	3.81E-04	5.27E-04
C[C>T]A	7.50E-04	9.69E-04	7.71E-04	8.88E-04	7.71E-04	1.03E-03	3.98E-04	7.43E-04	5.26E-04	5.12E-04
C[C>T]C	1.67E-03	1.17E-03	2.49E-03	9.11E-04	5.80E-04	9.99E-04	2.98E-04	6.34E-04	4.18E-04	7.14E-04
C[C>T]G	4.87E-04	9.68E-04	6.15E-04	9.00E-04	4.17E-04	1.30E-03	7.71E-04	1.35E-03	6.89E-04	8.93E-04
C[C>T]T	1.98E-03	1.21E-03	1.89E-03	1.06E-03	4.48E-04	1.14E-03	4.15E-04	8.68E-04	5.57E-04	1.10E-03
C[T>A]A	4.84E-04	1.55E-04	6.39E-04	2.97E-04	3.50E-04	2.49E-04	1.06E-04	5.73E-06	1.42E-04	1.88E-04
C[T>A]C	6.16E-04	1.80E-04	1.03E-03	3.32E-04	1.80E-04	4.41E-04	8.18E-05	2.14E-04	3.27E-04	3.27E-04
C[T>A]G	6.38E-04	1.10E-04	1.02E-03	1.42E-04	2.29E-04	3.76E-04	2.61E-04	2.12E-04	2.24E-04	2.84E-04
C[T>A]T	1.07E-03	8.64E-05	1.56E-03	1.38E-04	4.07E-04	4.55E-04	1.18E-04	4.90E-05	3.87E-04	2.16E-04
C[T>C]A	1.54E-04	5.33E-04	4.82E-04	6.62E-04	3.26E-04	5.41E-04	1.63E-04	2.47E-04	2.91E-04	8.61E-04
C[T>C]C	2.59E-04	4.69E-04	4.45E-04	4.79E-04	3.97E-04	3.86E-04	2.45E-04	1.31E-04	4.18E-04	3.70E-04
C[T>C]G	1.84E-04	6.17E-04	5.30E-04	6.00E-04	4.78E-04	6.35E-04	2.18E-04	4.48E-04	4.29E-04	6.61E-04
C[T>C]T	2.03E-04	7.74E-04	7.65E-04	8.04E-04	7.07E-04	9.85E-04	2.61E-04	5.11E-04	1.13E-03	1.25E-03
C[T>G]A	1.08E-04	1.88E-04	2.25E-04	1.95E-04	1.90E-04	2.70E-04	7.13E-05	8.60E-05	2.43E-04	4.61E-04
C[T>G]C	6.59E-05	1.19E-04	1.87E-04	1.35E-04	3.03E-04	2.41E-04	3.33E-08	1.20E-04	2.70E-04	2.05E-04
C[T>G]G	1.60E-04	1.27E-04	3.09E-04	2.97E-04	2.33E-04	3.34E-04	2.22E-04	4.94E-05	2.92E-04	4.36E-04
C[T>G]T	1.39E-04	4.02E-04	6.36E-04	5.32E-04	3.24E-04	8.92E-04	1.77E-04	2.64E-05	1.46E-03	2.44E-04
G[C>A]A	7.26E-04	6.25E-04	9.71E-04	5.50E-04	2.31E-04	8.48E-04	1.15E-03	3.37E-04	4.51E-04	4.88E-04
G[C>A]C	7.27E-04	5.23E-04	1.12E-03	5.29E-04	3.41E-04	4.46E-04	3.18E-04	4.05E-04	1.82E-04	4.16E-04
G[C>A]G	9.07E-05	1.95E-04	1.18E-04	2.00E-04	2.53E-04	3.46E-04	1.96E-04	1.51E-04	2.52E-04	4.19E-04
G[C>A]T	3.66E-04	1.97E-04	4.88E-04	2.63E-04	4.50E-04	4.79E-04	5.76E-04	4.21E-05	2.17E-04	4.78E-04
G[C>G]A	9.38E-05	1.45E-04	3.34E-04	2.65E-04	5.63E-04	4.76E-04	1.46E-04	3.92E-09	2.57E-04	2.62E-04
G[C>G]C	4.91E-04	1.61E-04	8.98E-04	2.92E-04	4.59E-04	3.11E-04	2.04E-04	3.06E-05	1.37E-04	3.87E-04
G[C>G]G	3.60E-05	7.01E-05	5.39E-05	1.10E-04	5.00E-05	4.14E-04	1.46E-04	1.03E-04	2.78E-04	1.01E-04
G[C>G]T	2.41E-04	2.88E-04	4.73E-04	4.99E-04	5.61E-04	5.48E-04	1.64E-04	9.60E-06	4.01E-04	3.93E-04
G[C>T]A	3.04E-04	8.92E-04	6.73E-04	1.04E-03	8.15E-04	9.59E-04	2.23E-04	7.81E-04	3.52E-04	6.01E-04
G[C>T]C	2.51E-04	1.10E-03	9.19E-04	1.30E-03	8.17E-04	1.20E-03	4.15E-04	7.21E-04	3.76E-04	8.81E-04
G[C>T]G	2.61E-04	6.38E-04	4.93E-04	9.09E-04	1.07E-04	1.26E-03	6.00E-04	1.29E-03	7.30E-04	9.02E-04
G[C>T]T	2.49E-04	9.12E-04	7.49E-04	9.84E-04	8.94E-04	1.14E-03	2.78E-04	8.48E-04	3.90E-04	1.02E-03
G[T>A]A	1.07E-04	1.33E-04	2.89E-04	2.20E-04	3.54E-04	3.46E-04	1.94E-04	2.84E-04	1.47E-04	5.40E-04
G[T>A]C	1.70E-04	1.14E-04	3.25E-04	1.40E-04	2.59E-04	2.80E-04	1.43E-04	7.02E-05	1.85E-04	2.66E-04
G[T>A]G	1.23E-04	1.67E-04	3.02E-04	2.86E-04	3.77E-04	3.65E-04	9.00E-05	2.00E-04	1.14E-04	4.53E-04
G[T>A]T	1.45E-04	3.27E-04	2.46E-04	2.63E-04	3.90E-04	4.39E-04	1.90E-04	2.66E-04	3.52E-04	3.56E-04
G[T>C]A	1.06E-04	6.60E-04	4.44E-04	8.21E-04	4.15E-04	6.80E-04	1.56E-04	4.10E-04	3.93E-04	1.00E-03
G[T>C]C	3.71E-04	4.49E-04	7.93E-04	4.76E-04	3.57E-04	3.58E-04	1.46E-04	7.42E-05	1.52E-04	2.82E-04
G[T>C]G	1.50E-04	5.93E-04	4.14E-04	6.80E-04	4.61E-04	7.49E-04	1.73E-04	3.70E-04	3.53E-04	1.00E-03
G[T>C]T	1.42E-04	6.91E-04	7.29E-04	7.51E-04	4.52E-04	7.50E-04	1.68E-04	1.90E-04	4.97E-04	8.80E-04
G[T>G]A	4.26E-05	2.50E-04	2.06E-04	2.29E-04	2.34E-04	2.67E-04	1.21E-04	1.55E-05	1.78E-04	4.76E-04
G[T>G]C	1.45E-04	4.82E-05	3.25E-04	8.27E-05	6.76E-05	2.82E-04	9.40E-05	3.96E-05	2.26E-04	2.79E-04
G[T>G]G	1.08E-04	1.37E-04	3.12E-04	2.64E-04	2.94E-04	3.54E-04	1.83E-04	1.39E-04	2.26E-04	5.57E-04
G[T>G]T	1.40E-04	3.65E-04	3.14E-04	3.04E-04	4.01E-04	4.47E-04	1.70E-04	1.90E-04	4.47E-04	5.45E-04
T[C>A]A	4.44E-04	6.63E-04	5.64E-04	7.49E-04	5.24E-04	8.82E-04	7.16E-04	3.88E-04	4.61E-04	7.33E-04
T[C>A]C	3.16E-04	4.91E-04	5.74E-04	6.14E-04	4.65E-04	5.53E-04	3.64E-04	3.91E-04	3.44E-04	4.02E-04
T[C>A]G	5.77E-05	5.67E-05	1.29E-04	8.10E-05	1.17E-04	3.27E-04	2.50E-04	1.00E-04	2.12E-04	1.45E-04
T[C>A]T	7.57E-04	5.27E-04	5.62E-04	4.73E-04	6.36E-04	8.91E-04	1.03E-03	3.44E-04	5.64E-04	3.44E-04
T[C>G]A	1.08E-04	3.12E-04	6.36E-04	6.16E-04	7.20E-04	6.82E-04	2.76E-04	1.83E-04	4.15E-04	5.25E-04
T[C>G]C	1.35E-04	3.26E-04	4.09E-04	5.54E-04	4.74E-04	5.69E-04	2.69E-04	1.43E-04	3.36E-04	3.68E-04
T[C>G]G	5.23E-05	8.38E-05	7.27E-05	1.17E-04	4.58E-05	1.10E-03	3.86E-04	9.68E-05	7.36E-04	2.45E-04
T[C>G]T	3.25E-04	7.82E-04	7.58E-04	9.26E-04	1.07E-03	8.94E-04	3.65E-04	1.40E-04	6.59E-04	9.74E-04
T[C>T]A	3.36E-04	1.05E-03	8.01E-04	1.10E-03	8.99E-04	1.21E-03	3.85E-04	8.13E-04	5.95E-04	1.11E-03
T[C>T]C	3.28E-04	9.00E-04	7.20E-04	8.96E-04	6.12E-04	1.02E-03	2.89E-04	6.81E-04	3.95E-04	1.05E-03
T[C>T]G	1.81E-04	5.63E-04	4.58E-04	6.94E-04	3.00E-04	7.87E-04	4.72E-04	9.81E-04	5.21E-04	9.43E-04
T[C>T]T	5.73E-04	1.14E-03	9.70E-04	1.06E-03	8.12E-04	1.34E-03	3.46E-04	7.06E-04	5.50E-04	1.29E-03
T[T>A]A	2.19E-04	5.73E-04	4.55E-04	8.00E-04	4.07E-04	9.80E-04	2.90E-04	6.07E-04	2.58E-04	1.09E-03
T[T>A]C	1.58E-04	2.66E-04	4.06E-04	4.37E-04	3.77E-04	4.22E-04	2.18E-04	1.94E-04	2.85E-04	3.00E-04
T[T>A]G	1.07E-04	2.58E-04	3.10E-04	2.52E-04	3.03E-04	4.00E-04	1.32E-04	1.76E-04	2.63E-04	3.60E-04
T[T>A]T	1.47E-04	8.39E-04	5.54E-04	5.69E-04	5.67E-04	8.18E-04	2.85E-04	4.21E-04	4.94E-04	8.90E-04
T[T>C]A	2.23E-04	7.17E-04	6.16E-04	9.45E-04	5.98E-04	9.52E-04	2.17E-04	4.38E-04	3.67E-04	9.78E-04
T[T>C]C	8.55E-05	7.27E-04	6.30E-04	7.22E-04	4.68E-04	8.26E-04	2.25E-04	2.22E-04	3.75E-04	1.22E-03
T[T>C]G	1.33E-04	6.21E-04	4.89E-04	6.73E-04	5.55E-04	7.36E-04	1.85E-04	3.82E-04	3.10E-04	6.74E-04
T[T>C]T	1.97E-04	8.50E-04	6.81E-04	9.51E-04	7.63E-04	1.15E-03	3.10E-04	6.38E-04	4.47E-04	1.35E-03
T[T>G]A	1.33E-04	4.36E-04	3.38E-04	7.40E-04	4.61E-04	6.19E-04	2.15E-04	2.16E-04	2.21E-04	1.02E-03
T[T>G]C	5.21E-05	2.38E-04	2.67E-04	2.76E-04	3.35E-04	3.08E-04	1.17E-04	1.77E-04	2.71E-04	5.12E-04
T[T>G]G	1.71E-04	3.45E-04	5.90E-04	7.38E-04	3.32E-04	9.18E-04	2.43E-04	3.01E-04	3.68E-04	1.20E-03
T[T>G]T	1.65E-04	6.28E-04	6.62E-04	8.33E-04	8.18E-04	9.44E-04	2.78E-04	4.02E-04	5.92E-04	1.66E-03
