MutationType	DBS78A	DBS78B	DBS78C	DBS78D	DBS78E	DBS78F	DBS78G
AC>CA	0.004306927841068103	0.016529811827252418	0.01922505477023151	0.009743272619368781	0.0010092910046262916	0.005813820438128232	0.0068788563080681795
AC>CG	1.572853358879911e-06	4.3296633413092425e-06	3.233568794257735e-05	2.8215472711110578e-05	2.7207471053998232e-05	4.357072542347851e-05	3.3091895165853205e-05
AC>CT	0.00027400603090633525	0.0019288955498353655	0.008069751035117178	0.006789390374535742	0.009307848651628205	0.018593723237935934	0.007652134771185501
AC>GA	1.572853358879911e-06	4.3296633413092425e-06	3.233568794257735e-05	2.8215472711110578e-05	2.7207471053998232e-05	4.357072542347851e-05	3.3091895165853205e-05
AC>GG	1.572853358879911e-06	4.3296633413092425e-06	3.233568794257735e-05	2.8215472711110578e-05	2.7207471053998232e-05	4.357072542347851e-05	3.3091895165853205e-05
AC>GT	0.00021988648522178522	0.00048527214944403595	0.013039779962558668	0.004253327350995306	0.011398356714597461	0.016853452710667512	0.008096268308270283
AC>TA	2.7045687178017806e-05	0.0008834307924983907	0.008130982226521439	0.005799507696759566	0.010276422458704694	0.019664491413741415	0.01011989323087846
AC>TG	0.0053620138263489	2.3306148876549564e-06	0.00380856533528371	0.009351666872399989	0.008144214312388733	0.02055345802836801	0.023316869910927077
AC>TT	0.005278448054828573	3.554753902257346e-06	3.036852968762105e-05	0.00023459487316301875	2.3683762312884936e-05	0.0001147554892190783	3.038698938780726e-05
AT>CA	1.572853358879911e-06	4.3296633413092425e-06	3.233568794257735e-05	2.8215472711110578e-05	2.7207471053998232e-05	4.357072542347851e-05	3.3091895165853205e-05
AT>CC	8.104464953362367e-07	0.0004842840270399051	0.004261352619757304	0.007270858827920699	0.004065347136930768	0.009475567882325321	0.02384522501029551
AT>CG	1.572853358879911e-06	4.3296633413092425e-06	3.233568794257735e-05	2.8215472711110578e-05	2.7207471053998232e-05	4.357072542347851e-05	3.3091895165853205e-05
AT>GA	0.01565718431503285	2.3428483468829197e-06	2.75361693047671e-05	0.0005404261372257224	1.881720329322434e-05	0.00023857885515496947	2.6811551529135612e-05
AT>GC	0.0050239867449420215	3.4294789580119335e-06	3.0457471129921032e-05	5.3207435827431484e-05	2.3857964534386157e-05	0.00027825677741702745	3.08733353176649e-05
AT>TA	0.0002749933235103308	0.014671783244288203	0.008449747222568287	0.00404703310967447	0.012981824019872877	0.0268313277744208	0.05051043285220965
CC>AA	0.10716801610495623	0.04326425632594561	0.013708394149393788	0.3044175534309534	0.03634793781207279	0.017231418518529728	0.017464715610801554
CC>AG	0.013755467591974255	0.026517999754755977	0.019494037121189044	0.058166775225357695	0.008420947335308205	0.012399068239488713	0.007236546969883363
CC>AT	0.038144560583778	0.09277206138130012	0.010279538260185446	0.008802874800913588	0.010603637013426788	0.12396015899702931	0.009520062627783144
CC>GA	0.01091973471224179	2.8976072635522598e-06	2.8659963645623067e-05	0.0003655911249654764	2.0966669093240854e-05	0.0002566884773705169	2.8289199840401124e-05
CC>GG	0.005317586644680148	3.3322958920933843e-06	3.066155917622382e-05	0.0003147086521209985	2.3411167298377222e-05	0.00018751870828737083	3.055195782053488e-05
CC>GT	0.004863519413560624	0.015121732535713051	2.789372354527586e-05	0.00012615835104284656	0.0001935993297678351	0.0010164005658032237	2.8630616238842776e-05
CC>TA	0.015077135438311986	0.028194249261592832	2.3522075139226217e-05	0.0005167087766835721	1.623355568654006e-05	0.0007533204594051313	2.3724129916899984e-05
CC>TG	0.005468237831893532	3.025655373818381e-06	3.059697430671804e-05	0.00018510969839269364	2.3620177764769323e-05	4.239575463429901e-05	3.025172105026286e-05
CC>TT	0.01778410316539181	0.0003602453647453003	0.00497750986702948	0.07558615371095587	0.023438639342694842	0.06671362922003157	0.013690390363126002
CG>AT	0.01097093851133053	2.6681567797481877e-06	2.8773746016668156e-05	0.0003632208326378361	2.0558301559958637e-05	0.0002762158778330104	2.812016141888307e-05
CG>GC	1.572853358879911e-06	4.3296633413092425e-06	3.233568794257735e-05	2.8215472711110578e-05	2.7207471053998232e-05	4.357072542347851e-05	3.3091895165853205e-05
CG>GT	1.572853358879911e-06	4.3296633413092425e-06	3.233568794257735e-05	2.8215472711110578e-05	2.7207471053998232e-05	4.357072542347851e-05	3.3091895165853205e-05
CG>TA	1.572853358879911e-06	4.3296633413092425e-06	3.233568794257735e-05	2.8215472711110578e-05	2.7207471053998232e-05	4.357072542347851e-05	3.3091895165853205e-05
CG>TC	1.572853358879911e-06	4.3296633413092425e-06	3.233568794257735e-05	2.8215472711110578e-05	2.7207471053998232e-05	4.357072542347851e-05	3.3091895165853205e-05
CG>TT	0.01580685179951047	0.027937893097554393	2.298398086850284e-05	0.00043739514413402956	0.00025489822807003295	0.00125040034937399	2.371343775166679e-05
CT>AA	0.1017011327448472	0.288207191079855	0.0025523712679517674	0.023600815623924073	0.01164758650251842	0.030267160685028393	0.018072639037553743
CT>AC	0.17791592618450522	0.05682637063423371	5.679687481424074e-06	0.003662178888553669	0.00021281355771321842	0.007183636619876559	6.788979264946704e-06
CT>AG	0.015214511912321739	0.03085122569885918	0.012163333920088691	0.009975346263753267	0.038256186031348303	0.02062063634462973	0.008821202919254223
CT>GA	0.0044071988473362465	3.380992159467411e-06	3.078421221289318e-05	0.00011524935820020232	2.4019094228151515e-05	0.00011480459960012013	3.077897122693685e-05
CT>GC	0.005474718727668062	2.9916800639284704e-06	3.019536203737516e-05	0.00026669989999902557	2.3118195272218146e-05	0.00031528009983418316	3.051019671602262e-05
CT>GG	1.652352929598644e-07	0.000971890593544211	0.024534359596207908	0.00788154524940512	0.007897874250084619	0.06483301466097031	0.011241677389801051
CT>TA	0.02321768578038484	0.017354510776493068	2.2714773763254925e-05	0.0010408516190381079	0.00011888745877229212	0.0003534642331251803	2.2665538892852055e-05
CT>TC	0.009809993844860133	1.1389636651383857e-06	0.03268508548721815	0.06056796910839112	0.014144659844231926	0.04840528768312329	0.05229415438390808
CT>TG	1.572853358879911e-06	4.3296633413092425e-06	3.233568794257735e-05	2.8215472711110578e-05	2.7207471053998232e-05	4.357072542347851e-05	3.3091895165853205e-05
GC>AA	0.028775600557268882	0.0283475461095226	0.041930685076580654	0.024083595145539323	0.007916478677393186	0.01878575128396377	0.4051193151724988
GC>AG	0.023579356001453534	9.537012581128944e-07	0.008098032019823233	0.04421047056170096	0.05479978169888722	0.022777450553368946	0.017459948309492504
GC>AT	0.00016073956040737247	0.001809544972352405	0.012338322619056843	0.017830346546529475	0.016342597027479974	0.04535536843319365	0.021257017034040905
GC>CA	0.010275447949013979	0.014721060355125033	2.6322222474846057e-05	0.0004778513276977492	1.8975723048697545e-05	0.0007622591715130511	2.670138746907469e-05
GC>CG	0.005008502518853959	3.2162773353089367e-06	3.0567160638383936e-05	0.0001903810063700462	2.384281243564601e-05	0.00016974925738452384	3.0787829691689696e-05
GC>TA	0.0052029859078089125	0.0008823512901494013	0.006748099923392488	0.006355743195863397	0.008838398732567173	0.019700282214333332	0.009083420855543964
TA>AT	8.256948116172137e-07	0.0007574350451610101	0.003665766845591114	0.0019672295683964263	0.004587581644446907	0.01237245809039223	0.024435311533179363
TA>CG	1.572853358879911e-06	4.3296633413092425e-06	3.233568794257735e-05	2.8215472711110578e-05	2.7207471053998232e-05	4.357072542347851e-05	3.3091895165853205e-05
TA>CT	0.005243379905317695	0.014983055303142851	0.010245139950119721	0.0030416517666131426	0.003236607212151954	0.011016853567106182	0.022611794965913434
TA>GC	1.572853358879911e-06	4.3296633413092425e-06	3.233568794257735e-05	2.8215472711110578e-05	2.7207471053998232e-05	4.357072542347851e-05	3.3091895165853205e-05
TA>GG	0.005484439611978189	3.0129321030614163e-06	3.0592758416787544e-05	8.267920943779927e-05	2.3905318027459543e-05	4.2710260181593185e-05	3.0824285909147874e-05
TA>GT	0.00010512138556196592	0.0007023982880178226	0.013691395989222883	0.006158240823187384	0.05253788915650091	0.013431504800780657	0.007310377771907497
TC>AA	0.038637549523600684	0.07281972683060928	0.5818394190818071	0.01783278336982753	0.0534969409745442	0.033304249042455665	0.03862359375375332
TC>AG	0.005875694546993486	2.0024235990843304e-06	0.02145750118651222	0.010887906798787057	0.0008861831533549491	0.004698344134352936	0.008038028364047704
TC>AT	0.027655995772264533	0.012170589170604143	0.01064195978409506	0.12695880207647356	0.1286553518426572	0.026163295217193815	0.018821905874281623
TC>CA	0.0042115962599292445	0.00019222271106151824	0.0015361926909608315	0.005909451541403996	0.03238338316327031	0.0013149099980273604	0.0017105759296704767
TC>CG	1.572853358879911e-06	4.3296633413092425e-06	3.233568794257735e-05	2.8215472711110578e-05	2.7207471053998232e-05	4.357072542347851e-05	3.3091895165853205e-05
TC>CT	0.005332881219158631	0.019990876674576136	0.02094572588463105	0.011974526714173105	0.15559288452594525	0.023612687566916063	0.009147971870574532
TC>GA	0.0053300527893611616	3.1592134213553892e-06	3.048510805456317e-05	8.019114083936074e-05	2.372117889137826e-05	0.00025938722010096174	3.059804902022734e-05
TC>GG	1.572853358879911e-06	4.3296633413092425e-06	3.233568794257735e-05	2.8215472711110578e-05	2.7207471053998232e-05	4.357072542347851e-05	3.3091895165853205e-05
TC>GT	0.0022009097426612793	0.0005167701437968882	0.0184714818127374	0.009866100503353575	0.01074989794422776	0.03949301701231696	0.03295549061994294
TG>AA	0.015839326437555316	0.00250287652351147	0.005921343228687874	0.013096005009835068	0.005455595268292939	0.03019356164709215	0.01025755828465657
TG>AC	7.907726856970498e-07	0.0001493054071724309	0.002702230222437267	0.00697302557972506	0.006239178409644391	0.027067726514029573	0.02014621448442657
TG>AT	0.03518200221799816	0.1093832721606475	0.0069643055776583114	0.007033019902538342	0.04210354043173983	0.01652763681800735	0.004051870819713078
TG>CA	0.005428169624909805	0.0009783058270771319	0.011766099681745277	0.010963207652934202	0.07626878039391016	0.040636441815655074	0.014296967915379212
TG>CC	0.005518501866784788	3.3921394324920584e-06	3.0482494021271124e-05	0.00022334715920777626	2.37433222770278e-05	0.00016912482029283639	3.003200413331797e-05
TG>CT	0.02884108228976629	0.0037815150206499835	0.007642602499217455	0.009369582214193315	0.010223052723649673	0.02188138180071654	0.006011408932954083
TG>GA	0.006033235497542311	0.0029654862297414297	0.00686258672762051	0.00908722848981256	0.009695083964116691	0.01941979154565672	0.008805716375699718
TG>GC	1.572853358879911e-06	4.3296633413092425e-06	3.233568794257735e-05	2.8215472711110578e-05	2.7207471053998232e-05	4.357072542347851e-05	3.3091895165853205e-05
TG>GT	0.05713365088491628	0.030077339505805867	0.0013129416107614596	0.013339614661660169	0.0066971236778597685	0.028693935780415885	0.01737967748864918
TT>AA	0.02768946318604776	0.018513725744503887	0.013894467671978746	0.0254273974988638	0.009234558577267243	0.022605866467909	0.028319073052589374
TT>AC	0.01021980012094417	1.6899835799044639e-06	0.0014091964846674899	0.005053098055760188	0.034502477168412045	0.001552390647368611	0.0016661627928351663
TT>AG	0.005330775255393554	0.00012867038899656792	0.0019333650685473458	0.0036196859471540675	0.03139425559787583	0.0006932783632311157	0.0013318743988645564
TT>CA	0.005171811836951452	0.0001286176534579653	0.0014371141868696924	0.0027665872871912712	0.02856824399084303	0.0017215920405101316	0.0012172491578371592
TT>CC	0.005057626435958866	3.4261111373723453e-06	3.0497197744807636e-05	0.00012798152055523815	2.372816746856188e-05	0.00015124028365335107	3.0618480445809836e-05
TT>CG	1.572853358879911e-06	4.3296633413092425e-06	3.233568794257735e-05	2.8215472711110578e-05	2.7207471053998232e-05	4.357072542347851e-05	3.3091895165853205e-05
TT>GA	1.572853358879911e-06	4.3296633413092425e-06	3.233568794257735e-05	2.8215472711110578e-05	2.7207471053998232e-05	4.357072542347851e-05	3.3091895165853205e-05
TT>GC	1.5728533600167793e-06	4.3296633049294544e-06	3.23356881744985e-05	2.8215473090256182e-05	2.7207470918142462e-05	4.3570726055577325e-05	3.309189555693593e-05
TT>GG	1.5728533600167793e-06	4.3296633049294544e-06	3.23356881744985e-05	2.8215473090256182e-05	2.7207470918142462e-05	4.3570726055577325e-05	3.309189555693593e-05
