MutationType	DBS78A	DBS78B	DBS78C	DBS78D
AC>CA	3.47E-04	1.07E-03	1.25E-03	1.61E-03
AC>CG	4.47E-07	5.09E-07	6.43E-07	3.91E-07
AC>CT	1.94E-04	5.27E-04	9.95E-04	8.68E-04
AC>GA	4.47E-07	5.09E-07	6.43E-07	3.91E-07
AC>GG	4.47E-07	5.09E-07	6.43E-07	3.91E-07
AC>GT	1.68E-04	4.09E-04	1.43E-03	1.06E-03
AC>TA	5.34E-04	6.12E-04	1.82E-03	1.54E-03
AC>TG	4.96E-04	6.05E-04	1.96E-03	1.00E-03
AC>TT	3.76E-04	4.80E-05	6.71E-05	4.65E-07
AT>CA	4.47E-07	5.09E-07	6.43E-07	3.91E-07
AT>CC	2.36E-04	3.26E-04	1.64E-03	1.21E-03
AT>CG	4.47E-07	5.09E-07	6.43E-07	3.91E-07
AT>GA	6.75E-04	1.66E-04	1.35E-04	4.38E-07
AT>GC	3.82E-04	1.04E-04	6.71E-05	4.54E-07
AT>TA	5.51E-04	1.73E-03	3.14E-03	1.78E-03
CC>AA	3.37E-03	2.35E-03	5.44E-03	3.65E-03
CC>AG	1.16E-03	1.53E-03	2.32E-03	1.90E-03
CC>AT	1.65E-03	3.34E-03	3.72E-03	2.11E-03
CC>GA	5.55E-04	2.08E-04	6.71E-05	4.61E-07
CC>GG	4.17E-04	8.32E-05	6.70E-07	4.50E-07
CC>GT	3.24E-04	1.01E-03	5.20E-04	2.20E-04
CC>TA	6.94E-04	1.39E-03	1.27E-04	1.04E-04
CC>TG	3.77E-04	1.07E-04	6.66E-07	4.44E-07
CC>TT	2.13E-03	1.54E-03	4.07E-03	2.04E-03
CG>AT	5.63E-04	1.41E-04	2.02E-04	4.93E-07
CG>GC	4.47E-07	5.09E-07	6.43E-07	3.91E-07
CG>GT	4.47E-07	5.09E-07	6.43E-07	3.91E-07
CG>TA	4.47E-07	5.09E-07	6.43E-07	3.91E-07
CG>TC	4.47E-07	5.09E-07	6.43E-07	3.91E-07
CG>TT	7.41E-04	1.20E-03	3.75E-04	2.07E-04
CT>AA	3.63E-03	5.86E-03	1.99E-03	1.49E-03
CT>AC	3.47E-03	2.75E-03	4.77E-04	2.07E-04
CT>AG	8.79E-04	1.71E-03	2.28E-03	1.94E-03
CT>GA	3.69E-04	9.17E-05	6.65E-07	4.69E-07
CT>GC	3.82E-04	1.02E-04	6.54E-07	4.77E-07
CT>GG	7.57E-04	1.10E-03	3.13E-03	1.84E-03
CT>TA	8.70E-04	1.06E-03	2.07E-04	5.18E-05
CT>TC	1.58E-03	1.58E-03	5.04E-03	3.37E-03
CT>TG	4.47E-07	5.09E-07	6.43E-07	3.91E-07
GC>AA	1.26E-03	2.89E-03	1.17E-02	7.57E-03
GC>AG	1.61E-03	1.18E-03	3.75E-03	2.75E-03
GC>AT	3.92E-04	1.08E-03	2.68E-03	2.45E-03
GC>CA	5.28E-04	8.90E-04	2.80E-05	5.18E-05
GC>CG	4.10E-04	5.50E-05	6.86E-07	4.58E-07
GC>TA	6.51E-04	8.15E-04	1.85E-03	1.20E-03
TA>AT	1.88E-04	5.93E-04	1.58E-03	8.70E-04
TA>CG	4.47E-07	5.09E-07	6.43E-07	3.91E-07
TA>CT	4.12E-04	1.06E-03	1.61E-03	1.34E-03
TA>GC	4.47E-07	5.09E-07	6.43E-07	3.91E-07
TA>GG	4.22E-04	1.52E-04	6.71E-05	4.40E-07
TA>GT	7.22E-04	9.10E-04	2.70E-03	2.01E-03
TC>AA	1.81E-03	3.60E-03	5.06E-03	9.11E-03
TC>AG	4.69E-04	3.13E-04	1.24E-03	1.52E-03
TC>AT	2.89E-03	2.81E-03	6.31E-03	3.55E-03
TC>CA	5.67E-04	6.54E-04	1.77E-03	1.29E-03
TC>CG	4.47E-07	5.09E-07	6.43E-07	3.91E-07
TC>CT	1.59E-03	2.89E-03	5.24E-03	3.66E-03
TC>GA	4.02E-04	1.34E-04	6.71E-05	4.53E-07
TC>GG	4.47E-07	5.09E-07	6.43E-07	3.91E-07
TC>GT	2.54E-04	1.25E-03	2.35E-03	2.17E-03
TG>AA	9.25E-04	6.86E-04	1.76E-03	1.01E-03
TG>AC	4.42E-04	6.37E-04	1.69E-03	1.15E-03
TG>AT	1.31E-03	3.04E-03	2.37E-03	1.49E-03
TG>CA	9.78E-04	1.26E-03	3.62E-03	2.55E-03
TG>CC	3.69E-04	9.48E-05	6.71E-05	4.73E-07
TG>CT	1.05E-03	8.44E-04	1.25E-03	1.21E-03
TG>GA	4.71E-04	4.73E-04	1.16E-03	7.42E-04
TG>GC	4.47E-07	5.09E-07	6.43E-07	3.91E-07
TG>GT	1.55E-03	1.74E-03	1.92E-03	9.02E-04
TT>AA	1.33E-03	1.67E-03	3.16E-03	1.64E-03
TT>AC	7.06E-04	6.03E-04	1.79E-03	1.41E-03
TT>AG	4.86E-04	4.84E-04	1.46E-03	1.15E-03
TT>CA	6.25E-04	6.75E-04	1.52E-03	1.11E-03
TT>CC	3.46E-04	5.97E-05	1.35E-04	4.58E-07
TT>CG	4.47E-07	5.09E-07	6.43E-07	3.91E-07
TT>GA	4.47E-07	5.09E-07	6.43E-07	3.91E-07
TT>GC	4.47E-07	5.09E-07	6.43E-07	3.91E-07
TT>GG	4.47E-07	5.09E-07	6.43E-07	3.91E-07
