MutationType	DBS78A	DBS78B	DBS78C	DBS78D
AC>CA	0.003932689226936006	0.014368451473991541	0.005837058310906116	0.01666430740982037
AC>CG	4.476141873794859e-06	8.412046247769921e-06	3.2679061414455644e-05	3.2282592269439195e-05
AC>CT	0.000832342815438087	0.003164854605113554	0.00860366138359268	0.008803168160411587
AC>GA	4.476141873794859e-06	8.412046247769921e-06	3.2679061414455644e-05	3.2282592269439195e-05
AC>GG	4.476141873794859e-06	8.412046247769921e-06	3.2679061414455644e-05	3.2282592269439195e-05
AC>GT	0.0005060915993448223	0.0013665138285998068	0.007748851767125018	0.013173113070597537
AC>TA	0.001089513417904624	0.0026972908202546365	0.009087559253257495	0.01271650695974813
AC>TG	0.005924924947322623	0.002797111556560239	0.01313991286698922	0.006146713375296713
AC>TT	0.005019458489080932	0.00012511579656433015	9.636680386392981e-05	2.8925410288138664e-05
AT>CA	4.476141873794859e-06	8.412046247769921e-06	3.2679061414455644e-05	3.2282592269439195e-05
AT>CC	0.000423628153807325	0.0009596447350732262	0.013242563260288307	0.0093486538570437
AT>CG	4.476141873794859e-06	8.412046247769921e-06	3.2679061414455644e-05	3.2282592269439195e-05
AT>GA	0.014946051752378935	0.00047243713145391555	0.00015908072475212976	2.4313116909979726e-05
AT>GC	0.00459640637220133	0.00027913158730569876	9.638557416565163e-05	2.902000655012671e-05
AT>TA	0.0010473620219085466	0.014251074330862536	0.03163085710825385	0.013360854200965732
CC>AA	0.13918740980715483	0.04563485337610871	0.05835040641140665	0.03232564958136742
CC>AG	0.016921704778925743	0.025234603040832616	0.016366312813164398	0.020196560776032584
CC>AT	0.031064933431287044	0.09032812410434218	0.02067904870883787	0.008926115450860764
CC>GA	0.010029304621460256	0.0006426807843868687	9.363996551655873e-05	2.6135102068565174e-05
CC>GG	0.0051988987107731074	0.00019059748856136593	2.9197909823324155e-05	2.8791262302547693e-05
CC>GT	0.003859247702623918	0.012348694368506585	0.0007579605147066105	0.0002917046087304698
CC>TA	0.012547170109803005	0.022677358446843952	0.0001483296407400303	0.0001253926676770334
CC>TG	0.005050472973895808	0.000283952269943768	2.9122348705641344e-05	2.8745536915266713e-05
CC>TT	0.02911417681326264	0.0075287175220649875	0.03809510030643535	0.011882521293851908
CG>AT	0.010352804674753883	0.00040811005653381473	0.000228668013553488	2.6175658013016802e-05
CG>GC	4.476141873794859e-06	8.412046247769921e-06	3.2679061414455644e-05	3.2282592269439195e-05
CG>GT	4.476141873794859e-06	8.412046247769921e-06	3.2679061414455644e-05	3.2282592269439195e-05
CG>TA	4.476141873794859e-06	8.412046247769921e-06	3.2679061414455644e-05	3.2282592269439195e-05
CG>TC	4.476141873794859e-06	8.412046247769921e-06	3.2679061414455644e-05	3.2282592269439195e-05
CG>TT	0.01254077574963432	0.02312342396513948	0.0006579613052463174	0.00022742780420003327
CT>AA	0.07942991748317013	0.23783922103612895	0.005908468370786404	0.0033409677064591393
CT>AC	0.1558111801841784	0.05311971883460842	0.0006193960787803567	0.00021062988536578816
CT>AG	0.013358417752104827	0.029467164591080463	0.020463004341144782	0.018792125458008967
CT>GA	0.004060742907135477	0.0002647061135073159	2.9718642997522694e-05	2.939549066923064e-05
CT>GC	0.005207676483998682	0.0002743106152971109	2.918732438729421e-05	2.866006848307734e-05
CT>GG	0.0013364202657861575	0.004811885584029341	0.019492823970583117	0.023085438064630353
CT>TA	0.019702500684961422	0.015028914839852803	0.0003580120082369831	7.114024996099033e-05
CT>TC	0.013707873880579485	0.006399311334707689	0.04629072378822251	0.042514491556383545
CT>TG	4.476141873794859e-06	8.412046247769921e-06	3.2679061414455644e-05	3.2282592269439195e-05
GC>AA	0.02658958807332283	0.035001744347736084	0.17134433561805804	0.08607224159327423
GC>AG	0.030320253576411743	0.004073154853223701	0.03579967787844168	0.020055535550757498
GC>AT	0.0009620315328086138	0.0049125819331141685	0.020554225265597754	0.024666943583259843
GC>CA	0.00839907899260325	0.01222932321189262	5.251652566357734e-05	7.573312441081725e-05
GC>CG	0.004787017673315006	0.00015358372971007838	2.9564329986442316e-05	2.8982178150727123e-05
GC>TA	0.005877048491722423	0.003402808503688135	0.010521192141773099	0.010383617362818428
TA>AT	0.00040364326891801695	0.0021118537304345964	0.013076595223844833	0.005672843108097823
TA>CG	4.476141873794859e-06	8.412046247769921e-06	3.2679061414455644e-05	3.2282592269439195e-05
TA>CT	0.004291462775803918	0.013954003528516487	0.012052771663879866	0.010340633872083345
TA>GC	4.476141873794859e-06	8.412046247769921e-06	3.2679061414455644e-05	3.2282592269439195e-05
TA>GG	0.004935045348300946	0.00040295149749994155	9.649459378579195e-05	2.8865645331279664e-05
TA>GT	0.001275569419112373	0.003712393005779653	0.023040389631233893	0.020292383236362354
TC>AA	0.03667966185241852	0.07590153889834937	0.04728659667418948	0.3657361535594322
TC>AG	0.005934755472230524	0.00099096717487555	0.005799245151444552	0.01755910150969612
TC>AT	0.04679037196363453	0.021743984790156094	0.07607165187800277	0.032561940405286885
TC>CA	0.005260587276077295	0.001910194698653811	0.014133346457119842	0.008049463420215943
TC>CG	4.476141873794859e-06	8.412046247769921e-06	3.2679061414455644e-05	3.2282592269439195e-05
TC>CT	0.007234914259361545	0.02626022042936564	0.05893465705082807	0.03700552352611595
TC>GA	0.0046846308689922015	0.00040434771491561607	9.646231897932012e-05	2.892728594588334e-05
TC>GG	4.476141873794859e-06	8.412046247769921e-06	3.2679061414455644e-05	3.2282592269439195e-05
TC>GT	0.0008708495185477227	0.005127534921617431	0.021609334987443603	0.01991465177381997
TG>AA	0.016583958321062936	0.003053306573828536	0.013917391622412652	0.006110794153130428
TG>AC	0.0011448500723652399	0.0025228359692283675	0.01223978334227013	0.006693553503610019
TG>AT	0.026041672806735	0.0947651906662145	0.017949749945348828	0.010103301654535529
TG>CA	0.008013778424479518	0.005617337746080828	0.04273433581772245	0.024727180913965096
TG>CC	0.005168036565444254	0.0002509503277400427	9.645376862181365e-05	2.8598062781384214e-05
TG>CT	0.02875876747286725	0.005922139285196018	0.005667385845902686	0.006357082863557651
TG>GA	0.0060064170932226804	0.0030033071141962165	0.009841542193613577	0.006015404680917413
TG>GC	4.476141873794859e-06	8.412046247769921e-06	3.2679061414455644e-05	3.2282592269439195e-05
TG>GT	0.05244999491248336	0.029746654205213476	0.012362579103011171	0.003840545929158452
TT>AA	0.026420241717709132	0.02057767601732003	0.020257286458561622	0.011170604413749886
TT>AC	0.010920465294713466	0.0020813020032092668	0.013677894856384683	0.008640131732336158
TT>AG	0.005705978451617977	0.0020147234228913647	0.011287064976957027	0.007406688116079749
TT>CA	0.005929834547213488	0.0017538973526608713	0.01041516437030225	0.007336646785126959
TT>CC	0.004674361008807751	0.00014969052724950416	0.0001640185264568572	2.8913378573633964e-05
TT>CG	4.476141873794859e-06	8.412046247769921e-06	3.2679061414455644e-05	3.2282592269439195e-05
TT>GA	4.476141873794859e-06	8.412046247769921e-06	3.2679061414455644e-05	3.2282592269439195e-05
TT>GC	4.476141873794859e-06	8.412046247769921e-06	3.2679061414455644e-05	3.2282592269439195e-05
TT>GG	4.476141873794859e-06	8.412046247769921e-06	3.2679061414455644e-05	3.2282592269439195e-05
