Samples	ID83A	ID83B	ID83C	ID83D	ID83E	ID83F	ID83G
C001	3.08E-01	6.11E-01	4.60E-01	6.97E-01	4.68E-01	5.67E-01	5.32E-01
C002	7.05E-01	6.04E-01	1.04E+00	7.50E-01	8.55E-01	9.38E-01	8.94E-01
C003	2.06E-01	1.93E-01	3.20E-01	3.19E-01	2.71E-01	2.82E-01	1.84E-01
C004	1.16E-01	9.99E-02	1.40E-01	1.77E-01	2.00E-01	1.88E-01	2.23E-01
C005	5.69E-01	8.50E-01	1.25E+00	7.66E-01	1.22E+00	2.71E-01	6.85E-01
C006	2.95E-01	3.13E-01	4.03E-01	4.82E-01	3.66E-01	2.97E-01	4.28E-01
C007	6.91E-01	6.94E-01	1.00E+00	9.91E-01	1.08E+00	3.15E-01	8.95E-01
C008	5.00E-03	3.41E-02	5.67E-02	2.10E-02	6.01E-02	4.75E-02	4.73E-02
C009	1.14E+00	6.76E-01	1.23E+00	1.44E+00	9.64E-01	5.59E-01	9.98E-01
C010	1.02E-01	2.21E-01	2.19E-01	1.13E-01	2.28E-01	7.25E-02	1.74E-01
C010r	2.75E-01	1.11E-01	1.15E-01	2.38E-01	1.76E-01	1.58E-01	2.35E-01
C011	8.91E-02	1.24E-01	1.55E-01	1.55E-01	2.83E-01	1.84E-01	2.29E-01
C013	7.96E-02	1.46E-01	7.07E-02	1.59E-01	1.31E-01	3.21E-01	2.25E-01
C014	1.72E-01	1.68E-01	1.55E-01	3.05E-01	3.26E-01	2.13E-01	3.60E-01
F001	2.48E-01	2.89E-01	2.01E-01	1.37E-01	2.74E-01	1.76E-01	3.07E-01
F002	9.87E-02	8.17E-02	1.39E-01	1.97E-01	1.32E-01	1.77E-01	2.35E-01
F002r	1.16E+00	9.72E-01	6.38E-01	6.92E-01	7.34E-01	4.18E-01	1.13E+00
F004	2.35E-01	1.84E-01	2.01E-01	3.35E-01	3.33E-01	3.02E-01	4.11E-01
F005	1.98E-02	1.41E-01	2.06E-01	1.46E-01	2.04E-01	2.03E-01	1.85E-01
F006	3.04E-02	4.02E-02	5.21E-02	8.97E-02	3.00E-02	1.26E-01	7.83E-02
F007	6.19E-01	9.51E-01	1.77E+00	1.02E+00	1.53E+00	3.85E-01	1.14E+00
F008	3.19E-02	5.17E-02	1.53E-01	1.51E-01	2.27E-01	1.68E-01	1.94E-01
F010	1.79E-01	2.93E-01	2.66E-01	2.50E-01	3.73E-01	1.64E-01	1.92E-01
F011	2.12E-01	1.87E-01	2.78E-01	3.30E-01	3.50E-01	2.58E-01	3.17E-01
F012	3.79E-02	5.72E-02	8.33E-02	1.75E-01	1.63E-01	1.54E-01	1.52E-01
F013	8.34E-02	1.13E-01	2.16E-01	1.74E-01	2.45E-01	2.82E-01	2.50E-01
F014	1.23E-01	1.62E-01	4.39E-01	4.32E-01	3.92E-01	2.26E-01	3.84E-01
F015	5.67E-01	5.77E-01	6.74E-01	7.56E-01	6.38E-01	3.26E-01	4.76E-01
F016	2.77E-01	3.14E-01	4.20E-01	4.54E-01	5.94E-01	2.36E-01	3.55E-01
F017	4.86E-01	5.61E-01	7.19E-01	3.06E-01	7.29E-01	4.40E-01	4.79E-01
F018	1.87E-01	2.27E-01	7.85E-02	1.34E-01	1.81E-01	2.15E-01	2.14E-01
F019	5.17E-02	4.84E-02	1.35E-01	1.75E-01	1.29E-01	1.59E-01	1.43E-01
F020	1.87E-01	3.48E-01	6.87E-01	7.62E-01	6.27E-01	1.42E-01	5.02E-01
F021	1.07E-01	1.78E-01	1.38E-01	8.26E-02	2.49E-01	1.92E-01	1.89E-01
F022	2.90E-01	4.02E-01	5.03E-01	7.68E-01	8.16E-01	5.10E-01	7.25E-01
F023	0.00E+00	3.04E-02	4.96E-02	3.07E-02	6.71E-02	3.55E-02	4.80E-02
F024	8.20E-02	1.22E-01	6.14E-02	1.34E-01	1.24E-01	2.00E-01	1.58E-01
F026	5.12E-01	5.33E-01	1.08E+00	5.55E-01	8.63E-01	3.05E-01	8.49E-01
F027	1.61E-01	1.64E-01	1.79E-01	6.95E-02	1.67E-01	1.37E-01	1.55E-01
F029	1.88E-01	3.84E-01	6.39E-01	3.42E-01	4.23E-01	1.01E-01	3.07E-01
F031	6.65E-01	6.69E-01	4.32E-01	6.70E-01	5.97E-01	6.04E-01	8.06E-01
F034	1.73E-01	8.39E-02	1.27E-01	2.16E-01	2.16E-01	4.45E-01	4.43E-01
F036	3.03E-01	3.74E-01	8.16E-01	4.31E-01	6.53E-01	4.33E-01	6.85E-01
F037	8.87E-02	1.33E-01	4.10E-02	8.69E-02	6.36E-02	7.57E-02	8.71E-02
F038	1.40E-01	1.12E-01	1.60E-01	2.51E-01	1.95E-01	4.00E-01	3.31E-01
F039	2.68E-01	3.10E-01	3.04E-01	3.41E-01	3.85E-01	3.47E-01	3.19E-01
F041	2.38E-01	4.81E-01	4.53E-01	7.38E-01	6.96E-01	4.50E-01	5.73E-01
F042	5.39E-01	3.25E-01	2.76E-01	6.63E-01	4.31E-01	3.27E-01	4.06E-01
F043	2.94E-01	2.75E-01	2.96E-01	4.57E-01	3.58E-01	1.89E-01	3.49E-01
F044	1.51E-01	1.55E-01	3.40E-01	2.28E-01	2.40E-01	1.90E-01	3.48E-01
F045	1.93E-01	1.89E-01	3.45E-01	5.69E-01	4.31E-01	2.81E-01	3.97E-01
F046	8.58E-02	5.15E-02	3.47E-02	9.25E-02	5.03E-02	4.72E-02	5.10E-02
F048	0.00E+00	2.38E-02	1.11E-01	6.41E-02	1.37E-01	1.97E-01	1.78E-01
F050	9.41E-02	7.57E-02	6.87E-02	3.80E-02	7.51E-02	0.00E+00	2.67E-02
F052	1.04E-01	8.99E-02	4.60E-02	5.29E-02	1.05E-01	1.43E-01	1.19E-01
F053	1.79E-01	4.69E-02	1.39E-01	2.82E-01	1.52E-01	2.39E-01	1.98E-01
F054	7.59E-02	1.71E-01	2.25E-01	2.26E-01	2.47E-01	2.78E-01	2.63E-01
F055	5.56E-01	7.66E-01	1.33E+00	4.36E-01	1.12E+00	3.07E-01	5.82E-01
F056	1.19E-01	1.20E-01	1.22E-02	2.75E-02	4.17E-02	3.36E-02	6.24E-02
F057	4.43E-01	4.28E-01	4.70E-01	5.96E-01	7.19E-01	3.92E-01	6.50E-01
F058	5.08E-01	8.06E-01	1.05E+00	1.22E+00	1.08E+00	6.29E-01	6.85E-01
F059	8.25E-02	3.20E-01	4.25E-01	1.53E-01	4.74E-01	3.60E-01	3.91E-01
F059r	2.75E-01	6.48E-01	7.86E-01	6.72E-01	1.12E+00	1.28E-01	5.64E-01
SJ01	3.37E+00	5.26E+00	2.38E+00	4.03E-01	2.83E+00	3.50E-01	7.82E-01
SJ02	1.82E-01	2.44E-01	1.86E-01	1.85E-01	2.89E-01	1.44E-01	1.97E-01
SJ03	4.74E-01	5.18E-01	3.40E-01	5.21E-01	4.76E-01	4.27E-01	5.24E-01
SJ04	1.64E-02	1.41E-02	4.73E-02	3.93E-02	5.38E-02	4.55E-02	6.53E-02
SJ08	2.06E-01	3.47E-01	3.76E-01	4.24E-01	3.86E-01	3.39E-01	3.78E-01
SJ09	2.06E-01	1.76E-01	1.77E-01	3.21E-01	4.10E-01	5.04E-01	4.53E-01
SJ10	2.44E-01	2.04E-01	2.41E-01	3.86E-01	2.30E-01	2.79E-01	3.59E-01
SJ12	2.42E-01	3.42E-01	2.54E-01	4.07E-01	5.00E-01	2.62E-01	4.03E-01
SJ13	7.86E-02	9.51E-02	7.30E-02	5.20E-02	9.40E-02	3.61E-02	7.50E-02
SJ14	1.23E-01	9.18E-02	1.63E-01	1.30E-01	9.74E-02	1.46E-01	1.24E-01
SJ17	2.05E-01	2.66E-01	2.41E-01	5.01E-01	3.65E-01	4.59E-01	5.45E-01
SJ18	1.39E-01	2.07E-01	7.28E-02	1.40E-01	1.12E-01	1.84E-01	1.52E-01
SJ19	9.44E-02	2.37E-01	4.51E-01	2.69E-01	4.28E-01	4.30E-01	4.00E-01
SJ20	4.74E-01	4.83E-01	8.00E-01	1.49E+00	9.63E-01	8.11E-01	8.03E-01
SJ25	8.69E-02	1.88E-01	1.47E-01	2.29E-01	1.93E-01	2.54E-01	1.93E-01
SJ28	1.27E+00	7.39E-01	1.10E+00	1.86E+00	7.76E-01	1.52E+00	1.43E+00
SJ31	1.70E-01	4.25E-01	9.70E-02	9.60E-01	2.77E-01	1.34E+00	1.06E+00
SJ32	1.42E+00	1.42E+00	7.58E-01	5.31E-01	9.53E-01	6.58E-01	1.16E+00
SJ33	1.58E-01	2.25E-01	2.06E-01	3.49E-01	3.08E-01	2.58E-01	2.54E-01
T135	7.95E+00	7.35E+00	0.00E+00	1.11E+00	1.35E+00	1.15E+00	2.80E+00
