Samples	SBS96A	SBS96B	SBS96C	SBS96D	SBS96E	SBS96F
C001	7.04E+00	6.66E+00	1.32E+00	1.48E+00	5.40E-01	1.06E+00
C002	9.58E+00	9.06E+00	1.67E+00	5.44E-01	1.88E+00	1.28E+00
C003	3.85E+00	3.66E+00	7.94E-01	1.10E+00	2.45E-01	7.46E-01
C004	3.48E-01	3.50E-01	1.43E-01	3.22E-01	3.70E-01	1.31E-01
C005	5.17E+00	3.49E+00	1.38E+00	5.54E+00	3.85E+00	2.80E+00
C006	3.30E+00	1.50E+00	5.36E-01	2.83E+00	2.62E-01	2.94E-01
C007	5.50E+00	1.58E+00	1.06E+00	5.03E+00	1.12E+00	6.37E-01
C008	8.86E-02	3.89E-02	1.73E-01	2.08E-01	8.48E-02	1.05E-01
C009	8.37E+00	8.17E+00	1.74E+00	2.30E+00	1.71E+00	1.43E+00
C010	4.63E-01	4.27E-01	2.43E-01	5.30E-01	3.56E-01	1.99E-01
C010r	1.09E+00	6.60E-01	3.51E-01	7.82E-01	1.44E-01	6.94E-01
C011	3.70E-01	1.36E-01	2.19E-01	5.04E-01	4.57E-01	5.10E-01
C013	5.03E-01	7.18E-01	4.43E-01	8.83E-01	7.47E-01	4.19E-01
C014	1.86E+00	1.66E+00	4.08E-01	1.14E+00	6.12E-01	2.23E-01
F001	1.45E+00	1.36E+00	1.22E-01	1.09E+00	6.71E-01	8.07E-01
F002	1.19E+00	1.11E+00	0.00E+00	6.19E-01	4.68E-01	1.38E-01
F002r	4.54E+00	4.09E+00	1.40E+00	2.92E+00	1.69E+00	1.15E+00
F004	7.39E-01	6.45E-01	1.08E-01	7.12E-01	1.64E-01	2.67E-01
F005	1.71E+00	5.25E-01	1.85E-01	1.65E+00	3.67E-01	4.39E-01
F006	2.30E-01	2.08E-01	0.00E+00	1.49E-01	0.00E+00	1.80E-01
F007	9.92E+00	1.05E+01	2.46E+00	7.32E+00	3.75E+00	6.28E+00
F008	2.21E+00	1.78E+00	2.29E-01	1.26E+00	8.72E-01	1.15E-01
F010	1.60E+00	9.63E-01	4.02E-01	1.59E+00	6.76E-01	4.83E-01
F011	1.31E+00	6.83E-02	3.21E-01	1.39E+00	2.55E-01	8.11E-02
F012	1.58E+00	1.01E+00	4.35E-01	1.18E+00	6.17E-02	6.24E-02
F013	5.03E-01	4.07E-01	2.06E-01	3.21E-01	2.13E-01	4.53E-02
F014	2.65E+00	7.63E-01	5.27E-01	2.46E+00	2.69E-01	2.45E-01
F015	6.37E+00	5.35E+00	1.13E+00	2.67E+00	1.18E+00	7.34E-01
F016	2.59E+00	1.82E+00	7.01E-01	2.09E+00	7.25E-01	3.07E-01
F017	2.64E+00	2.69E+00	1.31E+00	3.47E+00	3.30E+00	3.06E+00
F018	6.81E-02	3.85E-01	5.00E-03	7.93E-01	8.66E-01	1.71E-01
F019	1.79E-01	1.73E-01	0.00E+00	1.64E-01	1.37E-01	1.58E-01
F020	5.82E+00	5.28E+00	8.93E-01	1.46E+00	9.89E-01	5.05E-01
F021	2.36E-01	1.99E-01	9.46E-02	1.53E-01	0.00E+00	2.91E-02
F022	3.91E+00	3.22E+00	9.43E-01	1.82E+00	3.61E-01	6.71E-01
F023	4.32E-01	2.11E-01	1.91E-01	4.86E-01	5.34E-02	1.12E-01
F024	1.13E-01	1.31E-01	2.12E-02	5.53E-02	5.86E-02	5.67E-02
F026	4.22E+00	6.04E+00	2.05E+00	6.85E+00	4.52E+00	6.25E+00
F027	6.10E-01	3.10E-01	2.28E-01	5.62E-01	5.14E-02	1.51E-01
F029	3.17E+00	1.25E+00	7.63E-01	2.77E+00	1.38E+00	9.65E-01
F031	7.19E+00	6.03E+00	1.55E+00	3.72E+00	9.56E-01	1.15E+00
F034	1.73E+00	1.24E+00	4.89E-01	1.49E+00	4.47E-01	3.22E-01
F036	3.93E+00	3.97E+00	1.13E+00	4.18E+00	4.18E+00	3.76E+00
F037	2.07E-01	2.34E-01	1.35E-01	2.95E-02	3.82E-02	1.83E-01
F038	2.78E+00	1.31E+00	4.85E-01	2.16E+00	5.29E-01	5.89E-01
F039	2.19E+00	1.71E+00	3.42E-01	1.34E+00	7.45E-01	4.66E-01
F041	9.89E+00	9.81E+00	1.28E+00	2.27E+00	7.70E-01	7.92E-01
F042	4.45E+00	3.97E+00	9.33E-01	1.86E+00	7.60E-01	7.83E-01
F043	2.51E+00	2.13E+00	6.11E-01	1.46E+00	7.30E-01	1.21E+00
F044	1.33E+00	1.03E+00	0.00E+00	8.18E-01	1.02E-01	9.82E-02
F045	2.91E+00	2.11E+00	7.96E-01	2.07E+00	9.82E-01	9.77E-01
F046	5.05E-01	5.00E-01	1.83E-01	2.98E-01	1.73E-01	3.04E-01
F048	5.58E-01	4.85E-01	4.89E-02	2.66E-01	3.49E-01	5.88E-01
F050	5.98E-02	1.88E-01	1.22E-01	6.93E-02	1.45E-01	1.30E-01
F052	8.34E-01	5.73E-01	2.70E-01	5.62E-01	6.87E-02	5.00E-03
F053	1.88E+00	1.54E+00	3.99E-01	1.19E+00	1.57E-01	6.98E-01
F054	7.76E-01	6.16E-01	1.66E-01	4.95E-01	0.00E+00	0.00E+00
F055	2.88E+00	4.74E+00	1.75E+00	4.20E+00	4.48E+00	1.60E+00
F056	1.30E+00	1.08E+00	3.74E-01	6.79E-01	2.52E-01	2.26E-01
F057	3.89E+00	3.54E+00	8.60E-01	2.41E+00	8.15E-01	7.30E-01
F058	7.06E+00	7.03E+00	1.69E+00	3.64E+00	1.78E+00	1.29E+00
F059	2.12E+00	2.84E-01	7.48E-02	2.11E+00	4.67E-01	3.79E-01
F059r	2.78E+00	8.95E-01	4.03E-01	2.57E+00	9.51E-01	7.04E-01
SJ01	1.32E+01	6.79E+00	1.12E+01	7.69E+00	7.98E+00	2.20E+00
SJ02	2.80E+00	2.22E+00	1.18E+00	2.03E+00	7.62E-01	2.74E-01
SJ03	4.25E+00	2.40E+00	1.10E+00	3.94E+00	1.45E+00	0.00E+00
SJ04	4.19E-01	5.69E-01	0.00E+00	1.63E-01	2.00E-02	6.20E-01
SJ08	3.37E+00	1.73E+00	6.87E-01	2.81E+00	8.04E-01	8.67E-01
SJ09	2.15E+00	1.22E+00	1.07E-01	1.76E+00	5.78E-01	2.26E-01
SJ10	2.65E+00	2.96E+00	9.66E-01	2.97E+00	2.67E+00	3.09E+00
SJ12	2.97E+00	2.70E+00	7.85E-01	1.76E+00	8.13E-01	5.23E-01
SJ13	1.80E+00	2.03E+00	4.47E-01	4.69E-01	6.94E-01	6.51E-01
SJ14	1.49E+00	1.56E+00	1.10E-01	1.07E+00	7.74E-01	3.45E-01
SJ17	4.46E+00	4.44E+00	6.57E-01	8.20E-01	1.08E+00	8.41E-01
SJ18	1.94E+00	1.59E+00	5.51E-01	1.20E+00	4.56E-01	1.42E-01
SJ19	3.69E+00	2.60E+00	8.23E-01	2.52E+00	5.93E-01	6.15E-01
SJ20	1.63E+01	1.60E+01	2.70E+00	3.91E+00	3.60E+00	3.22E+00
SJ25	1.54E+00	1.71E+00	5.61E-01	1.10E+00	8.00E-01	1.67E+00
SJ28	7.96E+00	7.85E+00	1.78E+00	4.14E+00	2.15E+00	2.94E+00
SJ31	2.36E+00	2.22E+00	2.06E-01	1.28E+00	7.98E-01	2.57E-01
SJ32	5.00E+00	4.83E+00	1.92E+00	4.43E+00	4.07E+00	3.75E+00
SJ33	2.53E+00	2.09E+00	6.71E-01	9.65E-01	3.84E-01	3.74E-01
T135	1.93E+01	3.69E+01	2.92E+01	2.32E+00	1.09E+01	5.34E+00
