MutationType	DBS78A	DBS78B	DBS78C	DBS78D	DBS78E	DBS78F
AC>CA	3.38E-04	1.05E-03	1.95E-03	1.69E-03	2.21E-03	1.53E-03
AC>CG	6.65E-08	2.93E-07	5.88E-07	7.78E-07	1.15E-06	6.84E-07
AC>CT	8.16E-05	3.57E-04	1.06E-03	1.36E-03	2.45E-03	1.32E-03
AC>GA	6.65E-08	2.93E-07	5.88E-07	7.78E-07	1.15E-06	6.84E-07
AC>GG	6.65E-08	2.93E-07	5.88E-07	7.78E-07	1.15E-06	6.84E-07
AC>GT	8.47E-05	2.92E-04	1.83E-03	1.57E-03	2.09E-03	1.69E-03
AC>TA	1.11E-04	3.80E-04	1.80E-03	1.13E-03	3.77E-03	1.85E-03
AC>TG	5.33E-04	9.77E-04	9.37E-04	1.94E-03	3.26E-03	2.74E-03
AC>TT	3.96E-04	3.27E-07	6.10E-07	8.33E-07	1.16E-06	7.15E-07
AT>CA	6.65E-08	2.93E-07	5.88E-07	7.78E-07	1.15E-06	6.84E-07
AT>CC	1.21E-04	2.17E-04	1.37E-03	1.59E-03	2.19E-03	2.37E-03
AT>CG	6.65E-08	2.93E-07	5.88E-07	7.78E-07	1.15E-06	6.84E-07
AT>GA	6.37E-04	2.78E-07	6.07E-07	8.39E-07	1.16E-06	7.35E-07
AT>GC	3.85E-04	2.56E-07	6.06E-07	8.14E-07	1.14E-06	6.96E-07
AT>TA	1.59E-04	1.24E-03	1.93E-03	2.88E-03	3.88E-03	4.05E-03
CC>AA	2.99E-03	2.22E-03	2.72E-03	1.24E-02	9.31E-03	4.83E-03
CC>AG	7.29E-04	1.58E-03	1.99E-03	4.57E-03	3.35E-03	2.15E-03
CC>AT	1.43E-03	3.65E-03	4.16E-03	3.55E-03	1.01E-02	6.19E-03
CC>GA	5.79E-04	2.90E-07	6.29E-07	8.25E-07	1.16E-06	6.93E-07
CC>GG	4.15E-04	3.27E-07	5.90E-07	8.07E-07	1.19E-06	7.10E-07
CC>GT	3.21E-04	1.20E-03	6.04E-07	8.36E-07	1.45E-04	7.45E-07
CC>TA	6.88E-04	1.50E-03	1.58E-04	1.92E-04	2.25E-04	6.72E-04
CC>TG	3.79E-04	2.97E-07	6.10E-07	7.65E-07	1.16E-06	7.26E-07
CC>TT	1.01E-03	2.97E-04	2.32E-03	7.37E-03	5.23E-03	3.93E-03
CG>AT	5.63E-04	2.74E-07	6.25E-07	8.11E-07	1.18E-06	7.36E-07
CG>GC	6.65E-08	2.93E-07	5.88E-07	7.78E-07	1.15E-06	6.84E-07
CG>GT	6.65E-08	2.93E-07	5.88E-07	7.78E-07	1.15E-06	6.84E-07
CG>TA	6.65E-08	2.93E-07	5.88E-07	7.78E-07	1.15E-06	6.84E-07
CG>TC	6.65E-08	2.93E-07	5.88E-07	7.78E-07	1.15E-06	6.84E-07
CG>TT	6.69E-04	1.36E-03	6.93E-07	1.92E-04	5.50E-04	1.91E-04
CT>AA	3.08E-03	5.51E-03	5.81E-04	1.60E-03	6.45E-03	4.52E-03
CT>AC	2.40E-03	2.18E-03	4.27E-07	4.35E-07	1.25E-03	5.31E-07
CT>AG	6.15E-04	1.53E-03	2.06E-03	2.30E-03	3.75E-03	2.56E-03
CT>GA	3.78E-04	3.30E-07	6.06E-07	8.29E-07	1.12E-06	7.04E-07
CT>GC	3.90E-04	2.89E-07	6.13E-07	8.32E-07	1.16E-06	7.22E-07
CT>GG	3.54E-08	1.40E-03	3.10E-03	2.46E-03	6.12E-03	4.10E-03
CT>TA	8.51E-04	1.17E-03	6.36E-07	7.46E-07	1.76E-04	8.16E-07
CT>TC	6.49E-04	3.67E-04	4.21E-03	4.38E-03	6.83E-03	6.74E-03
CT>TG	6.65E-08	2.93E-07	5.88E-07	7.78E-07	1.15E-06	6.84E-07
GC>AA	9.99E-04	1.97E-03	6.41E-03	3.56E-03	2.93E-03	1.27E-02
GC>AG	1.01E-03	2.43E-04	2.63E-03	5.38E-03	4.24E-03	3.08E-03
GC>AT	9.25E-05	7.49E-04	2.42E-03	2.03E-03	6.46E-03	2.97E-03
GC>CA	5.48E-04	1.00E-03	6.11E-07	6.54E-04	2.39E-04	3.83E-04
GC>CG	3.96E-04	2.39E-07	6.12E-07	8.57E-07	1.14E-06	6.93E-07
GC>TA	3.76E-04	2.23E-04	1.40E-03	1.26E-03	3.70E-03	1.68E-03
TA>AT	1.19E-04	2.82E-04	9.89E-04	2.00E-03	1.57E-03	2.39E-03
TA>CG	6.65E-08	2.93E-07	5.88E-07	7.78E-07	1.15E-06	6.84E-07
TA>CT	3.53E-04	1.05E-03	1.55E-03	1.62E-03	2.55E-03	2.59E-03
TA>GC	6.65E-08	2.93E-07	5.88E-07	7.78E-07	1.15E-06	6.84E-07
TA>GG	4.26E-04	2.70E-07	5.82E-07	7.98E-07	1.14E-06	7.41E-07
TA>GT	9.87E-05	3.27E-04	1.88E-03	3.52E-03	3.82E-03	1.87E-03
TC>AA	1.44E-03	2.99E-03	1.10E-02	3.34E-03	6.40E-03	7.17E-03
TC>AG	3.90E-04	2.51E-04	1.96E-03	1.02E-03	1.93E-03	1.86E-03
TC>AT	1.34E-03	1.17E-03	2.86E-03	9.09E-03	3.38E-03	3.34E-03
TC>CA	3.76E-04	1.04E-04	1.24E-03	2.51E-03	1.82E-03	8.16E-04
TC>CG	6.65E-08	2.93E-07	5.88E-07	7.78E-07	1.15E-06	6.84E-07
TC>CT	3.95E-04	1.60E-03	4.38E-03	6.88E-03	8.86E-03	3.86E-03
TC>GA	4.13E-04	2.76E-07	6.04E-07	7.96E-07	1.16E-06	7.31E-07
TC>GG	6.65E-08	2.93E-07	5.88E-07	7.78E-07	1.15E-06	6.84E-07
TC>GT	1.02E-04	4.86E-04	2.69E-03	2.79E-03	5.33E-03	3.89E-03
TG>AA	7.11E-04	3.08E-04	1.33E-03	1.43E-03	2.88E-03	1.77E-03
TG>AC	7.20E-05	2.91E-04	1.32E-03	1.26E-03	2.98E-03	2.92E-03
TG>AT	1.28E-03	3.13E-03	2.16E-03	2.44E-03	3.76E-03	2.08E-03
TG>CA	4.74E-04	5.36E-04	2.31E-03	4.33E-03	5.28E-03	2.69E-03
TG>CC	3.67E-04	3.07E-07	5.98E-07	8.27E-07	1.15E-06	6.91E-07
TG>CT	9.71E-04	1.12E-03	1.27E-03	1.66E-03	3.65E-03	2.04E-03
TG>GA	4.24E-04	5.23E-04	9.55E-04	1.52E-03	2.46E-03	1.56E-03
TG>GC	6.65E-08	2.93E-07	5.88E-07	7.78E-07	1.15E-06	6.84E-07
TG>GT	1.43E-03	1.89E-03	1.02E-03	2.50E-03	2.27E-03	3.53E-03
TT>AA	1.09E-03	1.59E-03	2.49E-03	2.92E-03	5.73E-03	3.79E-03
TT>AC	5.50E-04	4.34E-04	1.17E-03	2.31E-03	2.04E-03	1.26E-03
TT>AG	3.74E-04	3.95E-04	1.18E-03	1.85E-03	2.01E-03	4.96E-04
TT>CA	4.16E-04	2.83E-04	1.18E-03	1.60E-03	2.41E-03	3.62E-04
TT>CC	3.58E-04	2.72E-07	5.98E-07	8.07E-07	1.16E-06	6.93E-07
TT>CG	6.65E-08	2.93E-07	5.88E-07	7.78E-07	1.15E-06	6.84E-07
TT>GA	6.65E-08	2.93E-07	5.88E-07	7.78E-07	1.15E-06	6.84E-07
TT>GC	6.65E-08	2.93E-07	5.88E-07	7.78E-07	1.15E-06	6.84E-07
TT>GG	6.65E-08	2.93E-07	5.88E-07	7.78E-07	1.15E-06	6.84E-07
