MutationType	DBS78A	DBS78B	DBS78C	DBS78D	DBS78E	DBS78F
AC>CA	0.0041340946077841065	0.01577616989993456	0.0183873700086599	0.004054868975996442	0.008101053901002615	0.007107130715860421
AC>CG	1.7360207556293971e-06	4.863805434673907e-06	3.356429928317084e-05	3.0554984864465954e-05	3.3678215286272464e-05	3.358129722016656e-05
AC>CT	0.0002615324357937043	0.0018914539760883286	0.007045684005502153	0.008500677694651132	0.017183371185799955	0.008215221167620256
AC>GA	1.7360303593250136e-06	4.872004382754369e-06	3.35503425776551e-05	3.055490106362413e-05	3.367622420228145e-05	3.358036343286131e-05
AC>GG	1.7360303593250136e-06	4.872004382754369e-06	3.35503425776551e-05	3.055490106362413e-05	3.367622420228145e-05	3.358036343286131e-05
AC>GT	0.00014782488863064104	0.0006341525856740659	0.014827272818515667	0.006511727101356541	0.008170787788845928	0.008998230403093999
AC>TA	0.0001786548390270526	0.0012137474844222584	0.00959757068000478	0.0034507771630737237	0.020955507317336572	0.009130273335119909
AC>TG	0.006357689792316447	0.0011948165906141342	0.0037067196474723117	0.0061163338515831354	0.012612229791328105	0.021479156457640727
AC>TT	0.005466777636861479	3.5514544171988405e-06	3.121016817658528e-05	2.813299320905571e-05	3.2618141172875424e-05	3.157786376505101e-05
AT>CA	1.7360303593250136e-06	4.872004382754369e-06	3.35503425776551e-05	3.055490106362413e-05	3.367622420228145e-05	3.358036343286131e-05
AT>CC	0.00012187980337134974	0.00027828359921933555	0.005769931732047553	0.005920229710231979	0.00900950906543244	0.020220811457641617
AT>CG	1.7360207556293971e-06	4.863805434673907e-06	3.356429928317084e-05	3.0554984864465954e-05	3.3678215286272464e-05	3.358129722016656e-05
AT>GA	0.01600899937173864	2.0671316855924713e-06	2.7219146979859942e-05	2.3198653912004376e-05	2.911006629439328e-05	2.7558648075682867e-05
AT>GC	0.005083341053948516	3.255494283074256e-06	3.117861740065564e-05	2.819588072497936e-05	3.253501943390802e-05	3.1239249144618954e-05
AT>TA	0.00022519209211750767	0.013431009409341044	0.01011750890836217	0.009235888716428947	0.014880322304206288	0.04753219655458649
CC>AA	0.11860435033164322	0.0449257212229395	0.014938048606111653	0.17045165648307836	0.06991024793760511	0.02799879125569519
CC>AG	0.013750387855072316	0.02702870577266811	0.01602828031601888	0.044474397509715616	0.017868418070466116	0.010491309516884267
CC>AT	0.03359715892348845	0.0941614735833764	0.01632029221037893	0.013577463515360847	0.06257691360749852	0.023537397720373585
CC>GA	0.011313805875358013	2.6100791949801305e-06	2.8847956159552268e-05	2.4872692181361343e-05	3.002575876848823e-05	2.8928446754434843e-05
CC>GG	0.0055556430430215185	3.559184266563875e-06	3.133671836621943e-05	2.7767838271302026e-05	3.2020832812804655e-05	3.100892516556541e-05
CC>GT	0.004512425111645344	0.015036195213280265	2.8312740646470047e-05	2.629238178542437e-05	0.0001761399057613744	2.920091177713857e-05
CC>TA	0.014228667722995851	0.02686639995154735	0.00018022713119535182	0.000213246290574034	0.0003460021316311668	0.0009620887334335748
CC>TG	0.005537297148327696	3.3478810723153174e-06	3.1176460920505635e-05	2.7452183755940495e-05	3.258490894415544e-05	3.107615350586457e-05
CC>TT	0.02117761300851953	0.0005980562144312722	0.010301577191657429	0.08614660511555144	0.027542712893617347	0.020277431962334315
CG>AT	0.011362243078611414	2.533309674710438e-06	2.892876416808576e-05	2.4854043040249963e-05	3.071515657097734e-05	2.906604109739419e-05
CG>GC	1.7360207556293971e-06	4.863805434673907e-06	3.356429928317084e-05	3.0554984864465954e-05	3.3678215286272464e-05	3.358129722016656e-05
CG>GT	1.7360303593250136e-06	4.872004382754369e-06	3.35503425776551e-05	3.055490106362413e-05	3.367622420228145e-05	3.358036343286131e-05
CG>TA	1.7360303593250136e-06	4.872004382754369e-06	3.35503425776551e-05	3.055490106362413e-05	3.367622420228145e-05	3.358036343286131e-05
CG>TC	1.7360207556293971e-06	4.863805434673907e-06	3.356429928317084e-05	3.0554984864465954e-05	3.3678215286272464e-05	3.358129722016656e-05
CG>TT	0.014165153134691195	0.027390351510092118	2.2689314644139813e-05	0.00021308607615537766	0.000969643165396974	0.00021756796203248997
CT>AA	0.09528635611492746	0.27832666145361146	0.0007898995621128417	0.003803671209329753	0.033957976837109265	0.01956124820372113
CT>AC	0.17355715829879045	0.05784870125732994	4.8666811590480914e-06	5.5448596135782406e-06	0.0016559118762291508	6.664736933643667e-06
CT>AG	0.013461665111926351	0.030774623927344605	0.01535286164128701	0.01565986024571032	0.03486218289055728	0.0108177669662059
CT>GA	0.004545792609710873	3.689663494341744e-06	3.1655862653678926e-05	2.791408116081584e-05	3.2507518964166595e-05	3.1550499101626884e-05
CT>GC	0.005711386900788967	3.3482731214107275e-06	3.103208796801482e-05	2.791291421090136e-05	3.274207455071121e-05	3.137475539006118e-05
CT>GG	2.38662496207992e-07	0.0028395940706219935	0.030234231780307895	0.010917766554580316	0.02971684895701297	0.0189681329419202
CT>TA	0.022699531102497304	0.017613317518234046	2.1927470846776487e-05	1.8576793161173553e-05	0.0002651995288533726	2.4101121429112027e-05
CT>TC	0.01104376853280879	0.0008098161930428041	0.03420849300312411	0.025068893844796044	0.05351618703125723	0.05779450634987825
CT>TG	1.7360207556293971e-06	4.863805434673907e-06	3.356429928317084e-05	3.0554984864465954e-05	3.3678215286272464e-05	3.358129722016656e-05
GC>AA	0.028419996101642937	0.029368622324885008	0.046716558864088625	0.013433637352604855	0.012901516279159508	0.3435511600155041
GC>AG	0.026715327425864927	0.00035100301291731697	0.011767627787496125	0.05965520041436836	0.026652106618178052	0.018185822454760477
GC>AT	0.00022265642989388514	0.0028385108106793655	0.017723296250446198	0.008608902477913873	0.04638095216955662	0.01876495343466729
GC>CA	0.0098318764878087	0.014157113514471006	2.563378700870089e-05	0.0009439127097073197	0.0004319281430139199	0.0004111365492644836
GC>CG	0.005076217750529963	3.2396719953808885e-06	3.148756791688356e-05	2.7892858763607365e-05	3.3457564247783013e-05	3.148398595385516e-05
GC>TA	0.005500966609494213	0.000571224019318981	0.009417431802275474	0.003708121963698545	0.024312224731051255	0.00714688673026842
TA>AT	0.00016985536176507222	0.0007169445230386984	0.004186299573216811	0.00457253668080341	0.005254470100445587	0.02115425183542129
TA>CG	1.7360303593250136e-06	4.872004382754369e-06	3.35503425776551e-05	3.055490106362413e-05	3.367622420228145e-05	3.358036343286131e-05
TA>CT	0.0045946684941581585	0.014861874649130585	0.010464292183115731	0.005307625038535093	0.01076403140687944	0.0185401850608514
TA>GC	1.7360207556293971e-06	4.863805434673907e-06	3.356429928317084e-05	3.0554984864465954e-05	3.3678215286272464e-05	3.358129722016656e-05
TA>GG	0.005607881900143923	3.426052907968824e-06	3.1149309024840476e-05	2.7749670327921193e-05	3.229893322441058e-05	3.0992484054195304e-05
TA>GT	0.00013428072127482147	0.0005250105515998627	0.013065203831454255	0.0295349957599484	0.026785953342550784	0.007464286793605197
TC>AA	0.039877325304078115	0.07027347348874173	0.5019349803030491	0.02150179576250767	0.0644635994621102	0.04942268652199367
TC>AG	0.0058570270834081605	0.00034578423881463037	0.017229629447222762	0.003010977840989568	0.008203836340562133	0.009196449298847255
TC>AT	0.03192917200833165	0.014125533536717003	0.014457797722880002	0.20397375048549066	0.02016902256364844	0.014133571723135993
TC>CA	0.004654284208257611	0.00010644475993522918	0.0050575119817813175	0.019217220614693817	0.011491386339172039	0.001916214332012487
TC>CG	1.7360207556293971e-06	4.863805434673907e-06	3.356429928317084e-05	3.0554984864465954e-05	3.3678215286272464e-05	3.358129722016656e-05
TC>CT	0.004618329183196639	0.0186088663388195	0.03527823121032335	0.05671682073266481	0.07963499956596581	0.017758616435524163
TC>GA	0.005386530689592064	3.3845853095471055e-06	3.107255362920114e-05	2.8270159598378088e-05	3.309733374614154e-05	3.1499572255597744e-05
TC>GG	1.7360303593250136e-06	4.872004382754369e-06	3.35503425776551e-05	3.055490106362413e-05	3.367622420228145e-05	3.358036343286131e-05
TC>GT	0.00019535113444255772	0.0011391729714111064	0.01795170738272292	0.013690414661605388	0.02835282565948905	0.029997476587087134
TG>AA	0.015755133274216567	0.0006772311457641199	0.007611356566723657	0.006810244634489777	0.018223670852488424	0.010097804434956288
TG>AC	0.00017732376040166642	0.0005485196158174066	0.00514492288686597	0.0038684634106493834	0.011881453787717077	0.023419028612796638
TG>AT	0.029739663051419143	0.10950711500363014	0.011270419857451586	0.017966032446615897	0.025541339537452926	0.005465659044724511
TG>CA	0.006077450337773311	0.0014882440687987142	0.017300883255203132	0.04076221832842407	0.04532849750794355	0.015820477074443496
TG>CC	0.005648744991112835	3.17242044200583e-06	3.0687616704199175e-05	2.771200300003329e-05	3.243379893774545e-05	3.1106311048461066e-05
TG>CT	0.03010091470790485	0.004136825299265858	0.006830967635568186	0.0041498078785846635	0.017556451508590386	0.007677902062839621
TG>GA	0.005354270794552889	0.002589217169156015	0.005104046527289938	0.008958901431129788	0.0162430343288338	0.009613138909877535
TG>GC	1.7360207556293971e-06	4.863805434673907e-06	3.356429928317084e-05	3.0554984864465954e-05	3.3678215286272464e-05	3.358129722016656e-05
TG>GT	0.056437615195236504	0.03254906379865524	0.003336198019274121	0.006247337801634814	0.009203506784231194	0.023028163353103395
TT>AA	0.02714893293238674	0.019718150110469405	0.012059251968547038	0.011959142710241793	0.026599885704322333	0.028992568603717926
TT>AC	0.010818749498838045	0.0008358411272364208	0.005790464549459102	0.016314908778296344	0.011245019980626906	0.0023469134529482717
TT>AG	0.005495739785409164	0.000723521743837523	0.0057019235868199306	0.013779155373281355	0.012083862366753238	0.0009585004697498789
TT>CA	0.005205398240201475	0.0004603427571750096	0.005624040871789475	0.009980558116081966	0.014928374741767243	0.0004989485398056104
TT>CC	0.005118679352524964	3.400503313919501e-06	3.097928462921118e-05	2.726967239368605e-05	3.2870421418706994e-05	3.147081714359956e-05
TT>CG	1.7360303593250136e-06	4.872004382754369e-06	3.35503425776551e-05	3.055490106362413e-05	3.367622420228145e-05	3.358036343286131e-05
TT>GA	1.7360207556293971e-06	4.863805434673907e-06	3.356429928317084e-05	3.0554984864465954e-05	3.3678215286272464e-05	3.358129722016656e-05
TT>GC	1.73603034795633e-06	4.872004352769466e-06	3.355034265041468e-05	3.055490093629487e-05	3.367622413179561e-05	3.358036330610048e-05
TT>GG	1.73603034795633e-06	4.872004352769466e-06	3.355034265041468e-05	3.055490093629487e-05	3.367622413179561e-05	3.358036330610048e-05
