NMF_Replicate	L1	L1 %	L2	L2 %	KL Divergence	Correlation	Convergence Iterations
1	200.287	90.843	30.535	66.865	0.861	0.532	80000.0
2	200.262	89.661	30.877	66.49	0.818	0.543	40000.0
3	204.413	91.668	31.242	67.215	0.851	0.532	80000.0
4	198.556	89.559	30.252	66.196	0.822	0.539	140000.0
5	200.595	91.646	30.81	67.466	0.842	0.527	80000.0
6	201.441	90.742	30.86	67.062	0.844	0.534	40000.0
7	197.462	90.234	30.102	66.601	0.832	0.539	40000.0
8	199.322	90.722	30.377	66.925	0.852	0.535	40000.0
9	200.44	90.901	30.566	66.835	0.831	0.533	60000.0
10	199.782	89.98	30.607	66.81	0.835	0.533	80000.0
11	199.953	89.681	30.605	66.312	0.817	0.549	60000.0
12	201.434	90.832	30.981	67.214	0.837	0.531	80000.0
13	200.393	90.427	30.772	66.933	0.823	0.536	40000.0
14	202.922	90.719	30.978	67.252	0.84	0.533	60000.0
15	203.082	90.236	31.316	66.988	0.83	0.536	80000.0
16	202.174	90.822	31.032	67.071	0.841	0.533	40000.0
17	201.889	91.655	30.848	67.044	0.852	0.532	40000.0
18	204.345	91.064	31.155	67.061	0.843	0.532	60000.0
19	199.562	90.381	30.926	67.118	0.853	0.524	60000.0
20	201.634	90.56	31.31	67.216	0.815	0.531	40000.0
21	202.002	91.283	30.93	66.988	0.856	0.535	100000.0
22	203.076	91.684	30.835	67.474	0.84	0.527	40000.0
23	202.381	91.28	31.246	67.54	0.862	0.525	120000.0
24	204.402	90.706	31.755	67.436	0.826	0.532	80000.0
25	203.748	90.102	31.337	66.966	0.827	0.535	40000.0
26	200.774	90.559	30.735	66.91	0.838	0.535	60000.0
27	203.154	90.65	30.753	67.111	0.829	0.534	40000.0
28	202.528	90.968	30.82	66.984	0.83	0.536	40000.0
29	202.589	90.962	30.996	66.949	0.84	0.532	40000.0
30	201.172	91.071	30.815	67.249	0.847	0.521	60000.0
31	204.852	91.559	31.659	67.527	0.852	0.527	180000.0
32	200.564	89.966	31.022	66.672	0.821	0.542	60000.0
33	199.91	90.009	31.117	67.101	0.832	0.533	80000.0
34	203.4	91.22	31.473	67.407	0.839	0.529	60000.0
35	202.705	91.488	31.137	67.501	0.853	0.527	60000.0
36	201.135	90.506	30.687	67.142	0.827	0.529	40000.0
37	201.282	90.448	30.941	67.113	0.834	0.526	60000.0
38	199.486	91.24	30.5	66.882	0.847	0.535	60000.0
39	201.831	90.437	30.904	66.863	0.827	0.536	100000.0
40	201.744	90.783	30.959	67.337	0.846	0.523	60000.0
41	204.059	91.305	31.297	67.186	0.842	0.535	40000.0
42	199.507	90.759	30.407	66.881	0.833	0.537	40000.0
43	201.744	91.271	30.381	67.086	0.855	0.528	60000.0
44	200.772	90.456	30.521	66.834	0.839	0.535	40000.0
45	201.672	91.387	30.908	67.538	0.85	0.524	40000.0
46	201.467	91.219	30.536	66.783	0.838	0.538	60000.0
47	201.482	90.993	30.571	67.057	0.848	0.531	40000.0
48	200.434	90.653	30.617	67.017	0.842	0.531	40000.0
49	203.488	91.514	31.114	67.306	0.859	0.522	40000.0
50	198.234	90.719	30.147	67.109	0.837	0.523	80000.0
51	199.943	90.529	30.499	66.861	0.864	0.53	40000.0
52	197.369	89.68	30.167	66.434	0.812	0.545	60000.0
53	199.989	91.253	30.776	67.152	0.86	0.533	40000.0
54	198.22	89.875	30.652	67.294	0.823	0.522	40000.0
55	203.583	91.027	31.472	67.465	0.846	0.523	60000.0
56	201.308	91.169	30.675	67.279	0.851	0.522	40000.0
57	200.951	91.381	30.502	67.189	0.848	0.534	40000.0
58	200.203	90.09	30.934	66.9	0.845	0.533	40000.0
59	203.679	90.802	31.428	67.31	0.832	0.53	40000.0
60	199.015	90.341	30.83	67.049	0.843	0.53	40000.0
61	201.726	90.583	30.921	67.143	0.84	0.523	60000.0
62	202.545	90.977	30.619	67.124	0.856	0.521	40000.0
63	201.632	90.963	31.12	66.795	0.836	0.542	40000.0
64	202.397	91.36	31.026	67.097	0.844	0.534	60000.0
65	201.716	89.946	31.2	66.774	0.821	0.537	80000.0
66	202.195	91.395	30.682	67.02	0.848	0.536	220000.0
67	202.627	90.696	31.507	66.903	0.835	0.533	60000.0
68	203.85	91.284	31.533	67.371	0.832	0.534	60000.0
69	201.898	90.676	31.014	67.075	0.84	0.533	40000.0
70	199.662	91.009	30.477	67.061	0.853	0.532	40000.0
71	202.741	91.136	31.203	67.324	0.856	0.526	40000.0
72	204.385	91.456	31.409	67.356	0.856	0.53	40000.0
73	198.113	90.118	30.355	66.881	0.832	0.537	60000.0
74	201.6	91.086	31.095	67.545	0.844	0.521	40000.0
75	200.926	91.238	30.711	67.235	0.838	0.531	40000.0
76	204.05	90.856	31.187	66.891	0.847	0.53	40000.0
77	202.054	90.06	30.942	66.894	0.831	0.536	80000.0
78	200.019	90.643	30.382	67.167	0.849	0.521	40000.0
79	201.458	91.06	30.769	67.452	0.847	0.521	40000.0
80	200.549	90.585	31.144	67.055	0.841	0.531	40000.0
81	200.376	90.632	30.734	66.833	0.834	0.539	60000.0
82	202.45	91.302	30.959	67.222	0.866	0.524	40000.0
83	202.248	90.406	31.253	67.282	0.828	0.532	40000.0
84	203.612	90.873	31.298	67.471	0.838	0.521	40000.0
85	201.452	90.545	30.945	67.329	0.842	0.525	40000.0
86	203.05	91.881	30.985	67.595	0.853	0.524	40000.0
87	200.538	90.509	30.838	67.394	0.831	0.527	80000.0
88	199.023	89.846	30.501	66.901	0.81	0.537	40000.0
89	202.019	90.726	31.195	67.252	0.833	0.532	80000.0
90	200.164	90.627	30.838	67.308	0.855	0.526	60000.0
91	200.659	89.613	30.609	66.7	0.822	0.542	40000.0
92	202.345	90.874	31.003	67.092	0.834	0.531	40000.0
93	201.148	90.741	30.876	67.055	0.842	0.534	40000.0
94	201.794	91.032	31.005	67.349	0.862	0.525	40000.0
95	201.781	91.063	30.733	67.1	0.833	0.531	40000.0
96	199.624	91.367	30.421	67.068	0.859	0.528	60000.0
97	201.53	91.203	30.742	67.341	0.859	0.52	40000.0
98	200.02	91.102	30.761	66.935	0.84	0.534	40000.0
99	199.02	90.477	30.219	66.926	0.843	0.53	100000.0
100	199.887	90.381	31.297	67.058	0.839	0.535	40000.0
101	199.696	90.367	30.784	66.868	0.837	0.535	40000.0
102	204.847	90.976	31.927	67.162	0.839	0.536	60000.0
103	200.127	90.746	30.755	67.013	0.838	0.528	100000.0
104	201.884	91.118	30.979	67.117	0.861	0.53	40000.0
105	203.078	91.217	31.339	67.277	0.838	0.534	40000.0
106	200.214	90.581	30.273	66.423	0.831	0.544	60000.0
107	203.35	91.4	31.099	67.284	0.842	0.529	40000.0
108	201.704	91.1	31.09	67.479	0.859	0.524	60000.0
109	205.68	91.618	31.51	67.752	0.842	0.522	40000.0
110	198.935	90.162	30.647	66.8	0.819	0.54	40000.0
111	199.785	90.441	30.255	66.607	0.842	0.539	60000.0
112	200.391	91.437	31.282	67.654	0.859	0.518	40000.0
113	200.989	91.234	30.516	67.036	0.852	0.532	40000.0
114	200.493	91.227	30.541	67.007	0.85	0.53	40000.0
115	204.383	91.127	31.285	67.243	0.832	0.535	80000.0
116	199.604	90.69	30.791	67.147	0.848	0.527	40000.0
117	200.681	90.68	30.743	66.967	0.846	0.531	80000.0
118	203.163	91.676	31.201	67.299	0.858	0.525	40000.0
119	203.586	91.62	30.871	67.482	0.843	0.53	40000.0
120	198.609	89.903	30.664	66.717	0.845	0.536	120000.0
121	205.054	91.528	31.186	67.606	0.857	0.521	60000.0
122	202.446	90.889	30.825	66.919	0.838	0.534	60000.0
123	203.395	90.718	31.099	67.332	0.834	0.527	80000.0
124	202.047	90.62	31.158	67.132	0.821	0.54	80000.0
125	202.219	90.971	31.322	67.306	0.834	0.531	60000.0
126	200.84	90.452	30.773	66.731	0.824	0.537	60000.0
127	200.704	91.26	30.747	67.477	0.845	0.522	60000.0
128	201.501	91.052	31.394	67.607	0.835	0.526	40000.0
129	204.279	91.06	31.025	67.166	0.856	0.524	40000.0
130	199.703	90.709	30.877	67.222	0.837	0.525	180000.0
131	204.032	91.582	31.402	67.732	0.848	0.525	100000.0
132	203.956	90.29	31.212	66.987	0.829	0.538	60000.0
133	201.671	90.784	30.806	66.867	0.832	0.533	40000.0
134	203.35	91.905	31.051	67.518	0.861	0.529	40000.0
135	202.612	91.322	30.766	67.213	0.838	0.531	80000.0
136	196.535	90.073	30.076	66.631	0.833	0.539	80000.0
137	202.924	90.89	31.322	67.133	0.839	0.536	40000.0
138	201.795	91.008	31.017	67.5	0.841	0.525	60000.0
139	198.399	90.289	30.286	66.798	0.837	0.53	60000.0
140	200.382	90.944	30.479	67.051	0.85	0.529	100000.0
141	200.349	90.409	30.776	67.059	0.835	0.533	40000.0
142	202.747	91.553	30.966	67.747	0.858	0.513	60000.0
143	203.292	90.929	31.296	67.144	0.842	0.529	40000.0
144	199.776	90.776	30.689	67.019	0.828	0.538	40000.0
145	202.821	90.264	30.978	66.908	0.822	0.535	60000.0
146	203.381	91.146	31.025	67.431	0.844	0.529	40000.0
147	199.377	91.123	30.558	67.411	0.846	0.526	60000.0
148	201.108	91.104	30.61	67.243	0.844	0.528	40000.0
149	199.755	90.688	30.906	66.697	0.846	0.539	60000.0
150	202.273	90.828	31.416	67.235	0.846	0.532	40000.0
151	201.988	91.023	31.039	66.931	0.869	0.532	60000.0
152	199.799	89.944	30.681	66.628	0.832	0.537	40000.0
153	201.293	90.809	30.621	66.699	0.845	0.532	80000.0
154	201.301	90.52	30.709	66.957	0.834	0.527	40000.0
155	201.221	91.123	30.446	66.968	0.851	0.532	80000.0
156	202.896	91.359	30.809	67.115	0.837	0.531	40000.0
157	202.474	90.31	30.924	66.728	0.82	0.545	100000.0
158	198.979	90.986	30.429	66.998	0.841	0.533	40000.0
159	201.609	90.901	31.081	67.168	0.847	0.528	80000.0
160	199.795	90.841	30.862	67.137	0.839	0.536	40000.0
161	202.645	91.049	31.376	67.417	0.851	0.527	40000.0
162	198.863	90.422	30.562	66.818	0.837	0.532	40000.0
163	203.639	90.729	31.571	67.01	0.819	0.535	80000.0
164	198.193	88.908	30.948	66.583	0.819	0.543	60000.0
165	199.977	90.564	30.566	66.857	0.834	0.535	40000.0
166	201.938	90.738	31.092	66.71	0.841	0.538	60000.0
167	199.559	90.511	30.54	66.698	0.873	0.532	40000.0
168	200.484	90.363	30.872	66.658	0.818	0.545	40000.0
169	203.259	90.448	30.99	66.879	0.838	0.535	40000.0
170	201.735	90.983	30.821	67.012	0.837	0.542	100000.0
171	201.864	91.685	30.878	67.341	0.848	0.525	40000.0
172	204.666	90.779	31.198	67.19	0.825	0.532	120000.0
173	202.009	90.721	30.988	67.326	0.856	0.524	60000.0
174	199.806	89.782	30.711	66.823	0.822	0.535	60000.0
175	201.782	91.192	30.881	67.188	0.845	0.529	40000.0
176	198.818	90.2	30.445	66.518	0.822	0.543	40000.0
177	201.637	90.635	30.76	67.171	0.841	0.531	40000.0
178	205.384	91.424	31.488	67.501	0.848	0.524	40000.0
179	200.698	90.685	31.057	67.189	0.853	0.527	40000.0
180	199.731	91.149	30.763	67.151	0.852	0.534	60000.0
181	199.916	91.068	30.749	67.244	0.83	0.533	100000.0
182	202.919	90.978	31.418	67.496	0.856	0.52	60000.0
183	200.526	90.935	30.72	67.093	0.847	0.531	80000.0
184	201.397	90.814	30.573	67.169	0.839	0.527	40000.0
185	204.424	91.485	31.128	67.402	0.855	0.523	60000.0
186	202.07	90.441	30.655	66.71	0.836	0.54	60000.0
187	199.644	90.853	30.616	67.115	0.854	0.532	80000.0
188	202.237	91.011	31.072	67.105	0.847	0.531	100000.0
189	202.663	90.898	30.811	66.869	0.83	0.535	60000.0
190	203.605	90.447	31.356	67.199	0.831	0.534	60000.0
191	197.946	89.858	29.895	66.648	0.824	0.531	80000.0
192	205.605	91.321	31.077	67.497	0.834	0.525	40000.0
193	201.212	89.941	31.054	66.683	0.821	0.539	80000.0
194	200.645	90.09	30.753	66.67	0.829	0.543	120000.0
195	199.428	90.346	30.702	66.933	0.831	0.534	40000.0
196	198.023	89.891	30.655	66.768	0.834	0.536	40000.0
197	200.736	90.369	31.123	66.997	0.816	0.542	40000.0
198	199.84	89.935	30.421	66.682	0.822	0.537	40000.0
199	205.418	91.532	31.5	67.653	0.849	0.525	80000.0
200	202.845	90.755	31.317	67.057	0.855	0.53	40000.0
