MutationType	SBS96A	SBS96B	SBS96C	SBS96D	SBS96E	SBS96F	SBS96G	SBS96H	SBS96I	SBS96J	SBS96K	SBS96L	SBS96M
A[C>A]A	0.010274990781654196	0.009307149042051606	0.007474936090354731	0.026167132133268753	0.040855115102604034	0.01678078950041254	0.005326222017132807	0.007829877004506826	0.004936755939254454	0.005722618359513944	0.007245893460665229	0.02269517101635756	0.020500643884035698
A[C>A]C	0.028751501914812252	0.040293242754414677	0.016625164770850916	0.007820359217294025	0.01613830479036551	0.012731985106804587	0.010328090431368082	0.010406000073743376	0.0014148469327483326	0.013665499056460178	0.001978285116765619	0.0154133482816178	0.01167844960305871
A[C>A]G	0.0007026036181225948	0.0028126244238646336	0.0007219935333470318	0.0023571563042715125	0.006398593350747319	0.02144239025830254	0.0007944517063501167	0.0015946433651576797	0.0037861353850511393	0.002126368335750577	0.013164548765795238	0.0031670251551577165	0.0018830763809999506
A[C>A]T	0.020235237253364177	0.01049043233667618	0.0018967892149521503	0.022464764233531012	0.021430034216027707	0.010384877936885459	0.0028755899560201216	0.005278626032624629	0.001838830732526233	0.00547569925057525	0.004289833114926296	0.009728911643194636	0.010099537311804739
A[C>G]A	0.002013374532386649	0.012491074340131263	0.0056016168297810505	0.04600056126713753	0.01452690308156889	0.004999728921663973	0.00909291193728156	0.004254921540175474	0.001859791771226753	0.007254603909414073	0.006478982169153369	0.013499367870041966	0.01595776008061989
A[C>G]C	0.0013242522685148453	0.0047298886347493865	0.00604691190830323	0.017308111071743838	0.0075885797184309925	0.004126262845462918	0.0057758673003706915	0.0063519019417012145	0.0018230148121794799	0.009034064026364775	0.006019824058785162	0.0053028085238753415	0.002112594644896788
A[C>G]G	0.0005440946772956538	0.0018408199765061872	4.986237215582889e-05	0.00029674571171135256	0.009788449520817437	0.07256751918914532	1.9462419480476002e-07	0.00012655081410464675	5.560618127347095e-05	2.919760505150748e-05	0.022186588167360678	6.756582577637005e-05	0.0006561695836039672
A[C>G]T	0.005062188407404733	0.005408231007127142	0.0048443213624798885	0.05618813822977245	0.006403216886667451	0.017527873460672368	0.012112025249622604	0.006030381456588254	0.0022603898833821745	0.018815923512387086	0.0040734402133048775	0.01352002550796435	0.0032933840062085553
A[C>T]A	0.004690103258690214	0.010550186085700942	0.036613426030380654	0.04166987728772711	0.03230246226885356	0.020455316778097768	0.02172088060353418	0.051822757449699566	0.036532717124235316	0.016316574971906448	0.010300015800748952	0.06905725960619748	0.038999784259244163
A[C>T]C	0.006652550115977647	0.0040707694305456244	0.031045064211357384	0.006258563853292571	0.0011037593476066832	0.014418722080570205	0.019573879583427357	0.03466815140098333	0.013874914822579285	0.015366715380296903	0.004594087381553322	0.027944554557840603	0.009980265472852778
A[C>T]G	0.008505467129980388	0.001797923684403031	0.005178977947016392	0.0050994277689096635	0.028954009170429344	0.060448028472558236	0.003829750616273019	0.006843095179796137	0.12646122372709215	0.0035754883388756297	0.02469439549253451	0.016670359807073397	0.005541362170193053
A[C>T]T	0.005480720288112065	0.003962761391012464	0.031034090337916497	0.014048840750371027	0.006077346218116873	0.014888440268696285	0.031533642163849435	0.03466943684974467	0.023416414781677303	0.020774031489351044	0.0139799760254391	0.029320075864658294	0.009572633396894332
A[T>A]A	0.0037539489338799113	0.010444818410019253	0.013140721555066648	0.009055248498369224	0.002967175814986547	0.010163322343016574	0.0042265318693489465	0.006287730111760794	0.0014835670861263139	0.004154972609154583	0.0010148447359824785	0.013819022422515986	0.00639013700137296
A[T>A]C	0.005369492107628275	0.009817544299681345	0.005913049743993213	0.0033714906749756322	0.001923904478059626	0.00590857374310315	0.0034564954631872524	0.004385800746668735	0.0019692585004582952	0.006545284719081081	0.006511765083910603	0.005554583280362379	0.002344965079503254
A[T>A]G	0.0023722216022286167	0.007880534135984192	0.005140637988066875	0.006913522316481248	0.0021611036312333453	0.00578465027682796	0.00407599136035742	0.005590875945780169	0.00907100785202431	0.006670045256221613	0.0016128847684600345	0.0061756534675845385	0.0023380431535558444
A[T>A]T	0.007788818504486698	0.00554870981248655	0.006584255627250144	0.007548642410814086	0.006735393451763229	0.006853820393880597	0.005934200851697824	0.012213077679234914	0.0020668894337755716	0.012853017238830944	0.011174677605124543	0.016745543637565277	0.024940406678507686
A[T>C]A	0.0021970015765327843	0.012124873735228903	0.05043976084096357	0.009289999134853132	0.002748246982162243	0.008740740840100984	0.02195746014836459	0.02776155190440477	0.02448012125396758	0.04026380659401184	0.022150499949930236	0.04192036577733234	0.0529535221576225
A[T>C]C	0.0016720409941484605	0.008831476230902809	0.015404814101104876	0.008446017890077045	0.003428465675387997	0.00451203988526573	0.018750662328778846	0.012941556696559928	0.004532610675222486	0.02017495290674333	0.002614016503155625	0.005145541360870993	0.005346317343596425
A[T>C]G	0.001995621337387092	0.004952473389598708	0.03268988604992046	0.004864718732561073	0.0008007540808034719	0.013660701285266441	0.020083509116084315	0.022366718825214776	0.008554461498390538	0.02709442819597484	0.008257884885842372	0.01736931399664052	0.014286655506036396
A[T>C]T	0.002387085437486138	0.009268114934516234	0.06588380945846438	0.012279657177642775	0.0016556888742366028	0.006588640451300307	0.06034716541180387	0.02771465390221465	0.0362898607365787	0.024823345065412922	0.01722972009557907	0.016313637965712932	0.008532394046709
A[T>G]A	0.0019518705478080278	0.0016838421806141923	0.0028157571099454515	0.006441888872026311	0.0011923687901798986	0.004519767626044882	0.009254371057627964	0.004743252969442438	0.002588489892826189	0.009479521362802074	0.011482072552917088	0.005992017784981414	0.01976646231925426
A[T>G]C	0.0025386853977889244	0.001978432412816176	0.0027522546840140195	0.0023888211719702212	4.386798984015172e-06	0.0023101259674626817	0.0027973394162022556	0.0038934947604685986	0.0007581403885038896	0.0014322428299532142	0.003645325715829131	0.002233193851026447	0.007227440849626027
A[T>G]G	0.0015104197052595492	0.005796111294830729	0.005389921080315929	0.0013484112999393005	0.001119431943683651	0.004046328665173178	0.0021911015724332115	0.003930259389928352	0.002410623608147802	0.0032265771585313716	0.0030626000115317707	0.009496922400606138	0.05545527229837262
A[T>G]T	0.0020154033983396857	0.0028034296300069174	0.006075446669372937	0.012108542139652059	0.00012164217854660819	0.0056261845473072605	0.013701636728374069	0.01186749147306955	0.0010763333702625744	0.02466828431694097	0.021201941742328926	0.007108922485016311	0.011092921248637139
C[C>A]A	0.012891279964078422	0.017430681760015432	0.002900222359567124	0.0023856030667093364	0.05652550319209695	0.020068689491308758	0.009572302197339013	0.0063639119177253175	0.008234388197201951	0.009254451722351575	0.007642792644238058	0.005098428679144149	0.00526866872942259
C[C>A]C	0.011576842024223878	0.016690804370446132	0.00849798505179251	0.003861063149674939	0.014496563200373203	0.012316045325836172	0.005908734132185182	0.008922439690031751	0.0016207607220846399	0.00800576584463215	0.011426243982598012	0.007010963651995325	0.0047525069188296045
C[C>A]G	0.002380073769434148	0.0023906710605874084	0.0023483999258128207	0.0018565608059219584	0.005027733519090134	0.02028746485690192	0.0008896196584659322	0.002114283011571274	0.004728036258274244	0.0014350601009869024	0.007266572401664462	0.0029434330628873083	0.0004835232124955269
C[C>A]T	0.027299995031065123	0.04796470678946946	0.0004754198657133202	0.009488410422690094	0.027198154139332475	0.0068374658189372895	0.00044522680021851	0.0016293972323861538	0.00022348100591009333	0.00264886468203116	0.009630529422736345	0.0022755472239294507	0.0024538979658515103
C[C>G]A	0.0027837653438049868	0.0023609961026886594	0.001960136874841298	0.02091950514705445	0.003637127361533885	0.007361604581644556	0.003483200636716859	0.002204605382154341	0.0010244243961548705	0.011138462800495361	0.006118191199632852	0.0051545825022982815	0.009215001261083185
C[C>G]C	0.004436602777277585	0.0038089701761273888	0.0021468018314226354	0.005292603219860225	0.005259564978741764	0.007273771907986202	0.005197392904743054	0.0016542876194881727	0.0014705266299185381	0.005542876996829449	0.008140200029297376	0.003495279822034032	0.002993734175734861
C[C>G]G	0.001948878400316012	0.0004685600935868095	0.00045279381378129815	0.0031657031584255966	0.0011097602963722507	0.014273761496789206	0.0005112895702261522	0.0007541900100871146	0.00013823964248938837	0.0011858048836993617	0.0032239087961878	0.0014062906974938016	0.00046233392239636295
C[C>G]T	0.011055217031389475	0.00902038724707552	0.005194632438814324	0.019125546512976824	0.003217233211442689	0.008467931969062193	0.00562852440507811	0.009146161442070594	0.00037110360639076135	0.010938368490878645	0.008875863424545969	0.00850487703314201	0.004749653187954834
C[C>T]A	0.04438792246393859	0.004276920550328214	0.024719326519061724	0.03072160999137111	0.009800214649221744	0.011805566312008615	0.026092302807958278	0.03331843748701582	0.027770234515628545	0.01453208028076773	0.014530887034741227	0.015669657514920415	0.0018687449937728217
C[C>T]C	0.1867203804384917	0.04155589983569371	0.013864972441451613	0.006768244354830131	0.002785448682553704	0.0021649117169084773	0.019497145302423177	0.027832134941246877	0.005068283163103473	0.007607449375078703	0.004806648318212184	0.008880377001021742	0.0045323372583346
C[C>T]G	0.007265763923555824	0.002425431624519717	0.006183976173261812	0.004720258845403862	0.02550794016511645	0.03051250367368084	0.013882247896765615	0.021466395007955726	0.12593453906476498	0.007665551264025226	0.008234538194155903	0.01659707361497335	0.005927875569842627
C[C>T]T	0.17234248265624047	0.01525085429928481	0.03247387448981385	0.0027691067222268373	0.004187211813562305	0.014014967578143	0.021483570182553535	0.02894198663003408	0.01894542672607713	0.014708314361043903	0.008751387446164074	0.027589204024493483	0.015192694647689678
C[T>A]A	0.019219328058495647	0.017158204630119512	0.0014919488038038508	0.006100530604890082	0.0008909042635814046	0.00306965643429031	0.002795367724315625	0.0016404934760410584	3.8293869550898304e-08	0.00481633007933377	0.001488073936584442	0.0023967016618970226	0.0007518756979874297
C[T>A]C	0.019487581865752758	0.02833368034607929	0.001623017998290095	0.0009312834425600159	0.0005499748675995164	0.005186335803426232	0.0025563408030929357	0.002464922138698995	0.0024494046027822946	0.00638052046680258	0.010041862002519792	0.0025490679425271877	0.00226237845355044
C[T>A]G	0.02273553874947197	0.02956200377390303	0.0025719273760660146	0.003065030662687498	0.00709655425519486	0.006795199262723628	0.001973204898899659	0.0014065544793535878	0.0028735424849320166	0.0020146484553173138	0.002763599593022832	0.0024985768947026797	0.0033370072717241487
C[T>A]T	0.03322190846185094	0.048430266345494605	0.0013384997782905472	0.008520090476122278	0.0009844820119943164	0.009063411055670656	0.0010230071007623564	0.0005769008571069634	0.0001768119469400631	0.0010671993431039084	0.02178843817622692	0.0015175758963430314	0.0017031452135189973
C[T>C]A	0.004287241254205583	0.0072399144562950825	0.0175022398326837	0.0032771365185615764	0.0018144303648952587	0.010368913071779388	0.010265963373602744	0.007259672027721535	0.0016675797580288077	0.018629759319850336	0.004371248944371473	0.00913705983023106	0.01337591036544012
C[T>C]C	0.008615974107483453	0.012516372257377952	0.012484166246952099	0.007836877699142803	0.007802334691223223	0.0021723968964249708	0.008736537623115624	0.007246545953137797	0.0008024914323345911	0.0058841327270960165	0.020253129502721096	0.006319125444717812	0.0014639068664190802
C[T>C]G	0.002774386402647906	0.015283878231421112	0.01741831499384716	0.004687040551666541	0.004203728748834692	0.0050892837834219775	0.017921380559278076	0.012079186989249138	0.010580249565596205	0.01532526971102925	0.013524118048662786	0.009503164115619142	0.007562426221649048
C[T>C]T	0.0029786743189731623	0.018470883023180704	0.021627696440555157	0.009332327638039714	0.004780438735870121	0.005840031461266335	0.011064505030785767	0.01142133338144049	0.011603827241196995	0.014875544925453142	0.07378228618763387	0.01877329836642709	0.028871070062303373
C[T>G]A	0.002205361314289007	0.004156366657796866	0.0010852081071369923	0.0029376499565825043	0.0006644333306479667	0.0019761646964305867	0.0017276849517007164	0.004648284880309887	0.0005099028514290182	0.0021320861201700224	0.006118339749154984	0.0027640387668106748	0.007253191555647396
C[T>G]C	0.0006206344276967002	0.003166498932726114	0.000543013788787734	0.007766861242173633	0.0	0.002576215550220624	0.002198761761073515	0.0017793755148902157	0.0021763491785455357	0.001547447424721664	0.00761280766396645	0.000808957145215956	0.0014246210496889145
C[T>G]G	0.00203166890583216	0.009753015822485622	0.0009625074791540555	0.0029769687394991706	0.006948090112709906	0.006505946066471324	0.0029036183126467563	0.001909290189368238	9.279605477185981e-05	0.005688819844854009	0.008202254588727555	0.0018660838396055014	0.005938178493258661
C[T>G]T	0.0018329344006048132	0.00422559409739037	0.002863104672409236	0.0020425195004770557	0.0023229345083839803	0.01575862675882064	0.004227570435033812	0.0011983617903448263	0.00011014492435627687	0.0025654320961545807	0.14601870574057102	0.0017922370191548432	0.0005971895242868719
G[C>A]A	0.009099257529319402	0.029019103033294868	0.00497896384081443	0.0014794792760221753	0.11147231370210647	0.012600474416987027	0.008795842021898537	0.014402831341504907	0.00231292064574518	0.007163498214028436	0.007427509845944655	0.007119450708597608	0.0037694269193048768
G[C>A]C	0.0309557783370974	0.042634656158531924	0.004175284889834074	0.0032086463217180492	0.007024335955356946	0.004694813079665892	0.008271598496138495	0.011987550478331742	0.008135590856056751	0.010966159708288216	0.0017214649254196955	0.00512344903717791	0.0020198936811502395
G[C>A]G	0.001104337054227642	0.000587934631532221	0.002289250903304989	0.0044313305966603165	0.006759019838937092	0.00710686596055325	0.001642070841818679	0.001255126198482195	0.0013434094778051531	0.002325749695585344	0.0039322690575181694	0.004492740485164432	0.005404993463784393
G[C>A]T	0.0047381868537892165	0.010798350118037661	0.003012897026029009	0.012470385546034777	0.06299671296030283	0.007411168629351098	0.0027560618924282365	0.0023250929143827648	0.0002305216188050469	0.00407926255754731	0.002250791691872962	0.004714179603681217	0.0064022121665649225
G[C>G]A	0.0011079343420129107	0.00749853116438004	0.0012524228127648663	0.019982728846123905	0.0011092027082512245	0.009650692073461533	0.0014374375654050908	0.0012183559221932683	8.401801316448409e-05	0.004316003750827786	0.0024992697879257265	0.003463399904795619	0.0008269430212556017
G[C>G]C	0.008167228508823995	0.03165996284915309	0.0012159301314038373	0.009661630894328824	0.003322711839903718	0.0023016842239735524	0.004547600848770237	0.003955841169418193	1.933092384611257e-05	0.002172271907838077	0.0009190212276405418	0.003302792527248073	0.0032503168249370783
G[C>G]G	0.00035710576721911027	0.0006029113321135649	0.0005918229302650646	0.000178248071087701	0.0009100115770973006	0.010219798133608933	0.0010397673756889602	0.0008333533342514698	0.0004488843157190203	0.0013347952765290216	0.0022872134019355883	0.0005271216497182963	0.0006409970143297628
G[C>G]T	0.008436240496230311	0.012561245849204851	0.0028926558593190066	0.018181927567170533	0.0017593137615563136	0.010785930294826756	0.004315445389788763	0.004085160678813828	2.709009550017072e-09	0.010366523426044693	0.012878568044106942	0.006448433928036508	0.0039441088298929824
G[C>T]A	0.012828906225040555	0.01622540766911129	0.03209232732189321	0.03014143291860819	0.002066995611785387	0.013666031214524992	0.03074429123480786	0.023584482842707075	0.017335398608290687	0.020690945489413935	0.0022057075981626894	0.01769353907322113	0.0025405655795498207
G[C>T]C	0.005318844983703457	0.016100082145112538	0.023707377392747732	0.01556213457492305	0.015809699246892704	0.005613857874077439	0.0540378968976438	0.024578591221143142	0.016687354045123497	0.024845975642140132	0.003404069878685618	0.014900640347229342	0.0069520813526848
G[C>T]G	0.002277396001762213	0.00428531804013744	0.0057936770835425476	0.0010175910734800198	0.013948226941794246	0.019949320170733243	0.014111640087175203	0.01240337022945468	0.11714492551982403	0.00548158924368181	0.012934669698796029	0.007016720744769884	0.012232720671256487
G[C>T]T	0.006518147047281673	0.011506513071287828	0.024417950754723278	0.014853457037713617	0.0033449581769053795	0.01903661737247603	0.04364686969369359	0.029847892764009884	0.02472466735402122	0.03390071831374487	0.004619055353349815	0.013506686949631046	0.009457303362163287
G[T>A]A	0.0014576445003019955	0.0048082383289875	0.0007153230395557841	0.008039520854158298	0.003460022900005697	0.00394247498013101	0.00084479010437434	0.0024007515733967468	0.005967764290958482	0.004693976195231358	0.001495930428093999	0.005258504252699483	0.004925612188146502
G[T>A]C	0.0033964111150834243	0.008655903096619113	0.0010180783764203482	0.004284316257507328	0.0024640602239115596	0.004874420139151994	0.0012897458495664082	0.002036216368677479	8.477649966742717e-05	0.002218467035240792	0.0034847606274973943	0.002517138622271231	0.002181429812100177
G[T>A]G	0.001281333260222226	0.006064424619054876	0.0011092722089728823	0.007954627241343246	0.0006931977123475975	0.004778245820767211	0.0015835701677125514	0.0038232579564547817	0.0016644494060221505	0.003669202234513165	0.0005296841715139067	0.004670137605185403	0.004665915241011405
G[T>A]T	0.0022879631126397726	0.0037907140787069695	0.003245782397119683	0.00869259457361295	0.0027956171068677805	0.00474152745719722	0.0020905653949952097	0.0038879378630042537	0.004822191898730423	0.003531509599300193	0.012987796798988711	0.00589647400921244	0.002284867292434001
G[T>C]A	0.0015257204943110024	0.004536850327167485	0.01771039674968719	0.005676185307115702	0.0018079813428291658	0.0037097755119637555	0.018446953983312822	0.010189525229076821	0.005665655510372858	0.007825608924681546	0.007080567716116093	0.01032793963428766	0.02276798624488258
G[T>C]C	0.0022923110951545045	0.03024226405121226	0.008369197408048307	0.0022691671967684	0.0024548344440781023	0.002030274946742736	0.007840708701773735	0.007334969404959679	0.00011951672144938641	0.007204599278343835	0.0015965451411788934	0.0034893115386365903	0.001181689732305884
G[T>C]G	0.002456302288780989	0.001360537768133554	0.014058758342725923	0.004883350175333021	0.002992231268165142	0.0012355301657703422	0.01087117679690758	0.01018798245764728	0.004387664528855026	0.008598233702233529	0.005815567157288228	0.013183775163224852	0.021548126426291815
G[T>C]T	0.0019706808527348587	0.007585065529146959	0.023248048067980562	0.006602268383326475	0.002133799920509435	0.006885838693360711	0.018861302071468772	0.014825494867446594	0.0011092336882659027	0.010520007144255317	0.016908889492624438	0.008361536374824325	0.00844828670407928
G[T>G]A	0.00038214687657287525	0.0016790504393009087	0.0025122433517141118	0.0034958833837844595	0.0021264597409077625	0.002195855135843381	0.0025878155761272837	0.0021615390119981725	9.199711933676857e-05	0.002092181294422524	0.0032050155267877756	0.0041443971933226844	0.008550533498785534
G[T>G]C	0.002133540672758869	0.008551799282510047	0.00022024827770344757	0.0002126180753772644	0.000632463042679845	0.0052817850560121825	0.0008470312434645244	0.001094062739298849	7.952552780759347e-05	0.001127425730552396	0.004240166833803301	0.0011873884180637617	0.0065590918954038105
G[T>G]G	0.0015257447682053994	0.004470373099661345	0.0007687296474895966	0.005555063114329926	0.0047558121906021	0.006547027920278198	0.003494270203708787	0.0022094789664362934	0.001520884937649356	0.002397866004415974	0.0037725951043485395	0.002437369838869685	0.010009494896544098
G[T>G]T	0.0023151226839672745	0.0008435133745996381	0.0022886473614754264	0.008351794870703201	0.003170507206647244	0.0066937392703283645	0.002584073479914828	0.006861096662523707	0.0011853191273692692	0.003872395235866115	0.030739092123694717	0.006814130200601482	0.007469291381152203
T[C>A]A	0.011644913246755095	0.009951210476464212	0.008861449037985948	0.008192783351842082	0.06528269646689296	0.01451134299277328	0.015818480746745536	0.008099927124750307	0.006650185496958443	0.006153359272757158	0.006078579189877473	0.006422573724521498	0.012134913800272215
T[C>A]C	0.011005924657656579	0.019784115768343328	0.008861737837864894	0.008721520104882075	0.022474079485982658	0.012942894214313232	0.009332110102589013	0.009241298391841042	0.006651258237579896	0.014279990754512256	0.0058073109679799015	0.009060581635089875	0.004921266977790708
T[C>A]G	0.00034037381091394536	0.002079259443846553	0.00023887871655002611	0.0012417545218269233	0.008683304769656388	0.007370906296894333	0.0004086584890718115	0.0010544502767653085	0.0005662688524767567	0.0008505461897484423	0.002408849489942995	0.001486188116203433	0.0006455752673369375
T[C>A]T	0.02493860890572023	0.0038642600746504746	0.008711320320528557	0.008879657567908907	0.11728854291141033	0.01680456304007066	0.005615074334272608	0.004906969451285477	0.004483438051858571	0.008572026813953642	0.014805324556978122	0.009119515200640365	0.0025080858548398055
T[C>G]A	0.0004509563086514845	0.016984995374515963	0.005012172043946279	0.03489127647830173	0.004768173805568949	0.003672112843819121	0.011319977806233793	0.002482221899117434	0.0022396341100196795	0.016626251719195437	0.008668382205612772	0.0065221464689690836	0.0028361164801211204
T[C>G]C	0.002573370396942778	0.008269447343045612	0.005738744629155086	0.007304008455395632	0.004688602455315163	0.012394876592295425	0.00990563697719523	0.003920750786823426	0.0004781486699911852	0.012353346336208056	0.007208090784183128	0.0030835846889448247	0.002144127674641183
T[C>G]G	0.0005294173932129809	0.0005489767976405346	0.0007382937201911233	0.0005019088997767796	0.00704148492285924	0.02769646915614345	0.00038653029142121507	0.000969205858754485	0.0001950652971707001	0.000577099461248416	0.006600890645628287	0.0011985651310781264	0.0026940108801382224
T[C>G]T	0.01442613882245496	0.018188419993666684	0.008396488673043904	0.07377195987850428	0.004276778416479487	0.007632208010251134	0.014819578065440738	0.013521678991531871	0.0006617999419177067	0.01494397495160058	0.014888571227866123	0.017442647237831822	0.011995572475244102
T[C>T]A	0.010097843317125807	0.012067494399962015	0.03089628618945426	0.026965962273825427	0.0066477334267786145	0.017098072689423136	0.021707946919717783	0.034801581197224894	0.03204508703661418	0.009564284848066791	0.011234026118072506	0.014792191648243715	0.014582276607390554
T[C>T]C	0.015254414065275342	0.009587600600239056	0.027544608266762225	0.007607957987412988	0.005833137719819208	0.009877495403405519	0.03309269068013507	0.03409051420451704	0.0265098112472333	0.027926084700739012	0.005741184997414166	0.024336168520292176	0.0158548009582978
T[C>T]G	0.0014137672231527177	0.001674008923839665	0.0045560876920353625	0.0028759376826871224	0.02199057556455955	0.014281254369744829	0.005356860809780528	0.01056475358817309	0.0824634983111173	0.008605771288560504	0.009263310729165824	0.010035987037883274	0.012681116811920674
T[C>T]T	0.026140673053450882	0.004246101469191217	0.028116002570313867	0.013361182407501513	0.007033743728516129	0.006824879800981875	0.02070369137916714	0.04862754901777862	0.01560387500476736	0.02228680173529597	0.01159604786649254	0.036851434314460224	0.025080510057433683
T[T>A]A	0.008666183754685334	0.004796394476024118	0.007253081486342125	0.002270007460621173	0.002844558089527709	0.017127552703588265	0.014228329418110662	0.012920367295619713	0.012367372543951944	0.02123725591440916	0.0013468117715092376	0.016664298615188075	0.02829476291252661
T[T>A]C	0.002226737001440142	0.01099198378731444	0.00235053381560391	0.00734496111789781	0.004659399767504811	0.00598619174213809	0.004273636394782159	0.004850545151071444	0.001811465050558646	0.008433342513415756	0.008472135323595467	0.004044252280366649	0.001809850546796241
T[T>A]G	0.0016367384223758563	0.005962585791215815	0.002836955774648471	0.004158041178129679	0.0013787539008285421	0.008550951965103764	0.0023045109211031443	0.0050407350866707645	0.0012651474282175546	0.0032383296109838966	0.003989105625588536	0.005021193382632472	0.0036431183695914628
T[T>A]T	0.0017794968626003538	0.009049722142517567	0.019697625729028768	0.011673350944911363	0.009064072631535964	0.008950880990465749	0.007465266466349902	0.016947239566034115	0.004841933622200259	0.007710164507652734	0.01926956640949413	0.022583642825695735	0.009578505679894534
T[T>C]A	0.005505261712023639	0.0034976742053436285	0.017024565710817115	0.012128949120478865	0.0026975224135869524	0.012776812172766867	0.02079183044563024	0.010037636245255045	0.005656876748388413	0.028984030973001607	0.009635445866859983	0.01633514884007397	0.01481719723329661
T[T>C]C	0.000403845389226376	0.01206121488386998	0.022533275005628184	0.0038927718857434002	0.0035059628655289997	0.0018983566743470787	0.011045271397212559	0.014330881758155983	0.000677062250869227	0.009535190675594336	0.0068354815026754065	0.026983296503037196	0.025275540747832857
T[T>C]G	0.0014477501543521498	0.005035690950247442	0.013851290510824583	0.00959913846129666	0.003156317757820943	0.005225206836059897	0.017778056944135104	0.014937141602291888	0.005503859557370845	0.023853410735084707	0.0041928779463171395	0.008393571288680306	0.004537284356137264
T[T>C]T	0.0017223770953162898	0.005801979361837049	0.03033306243480183	0.019918746580925416	0.00777432922495791	0.006762768300956168	0.02288025078915098	0.01545893378761534	0.019962807266560956	0.04109462568711024	0.006903943525903742	0.025270696294219307	0.031662839453283596
T[T>G]A	0.0015893915525738579	0.0021585542092708463	0.0054065426435107615	0.0059645309157087215	0.003953691970605462	0.007266980843050988	0.00746092370801108	0.004941054040682502	0.0020357406790544987	0.016947605233379476	0.0012489408666945146	0.008105612343901215	0.025577758249833094
T[T>G]C	0.000376630255091186	0.0043635986506429	0.002113036784728539	0.004367990869943839	0.0017030915772852494	0.001670835038602263	0.0027312415128699285	0.003676519260728939	0.0014015003325187792	0.003198941463110572	0.004592668646417621	0.0032855556740000813	0.008795019928989909
T[T>G]G	0.003968572837966349	0.003831692205476429	0.003609588181315644	0.0032106333671005414	0.0047341315762082555	0.003767304493625545	0.011217946087487402	0.004931644507908004	0.004235861077611247	0.00839783220311773	0.005443964986073979	0.006721948868555181	0.04065907511163047
T[T>G]T	0.0030361909396810914	0.008307241057846113	0.011539422372397894	0.023683415851685367	0.005272727665505954	0.013681631800864125	0.012941496519320026	0.010604474078891145	0.004411711335413009	0.02410126592360257	0.0312555316844373	0.020829147003040588	0.06584470121422782
