MutationType	SBS96A	SBS96B	SBS96C	SBS96D	SBS96E	SBS96F	SBS96G	SBS96H	SBS96I	SBS96J	SBS96K	SBS96L	SBS96M
A[C>A]A	3.70E-04	6.01E-04	7.38E-04	8.56E-04	6.76E-04	8.96E-04	6.62E-04	7.63E-04	5.09E-04	6.78E-04	5.04E-04	1.40E-03	1.17E-03
A[C>A]C	6.76E-04	9.95E-04	9.50E-04	5.62E-04	4.21E-04	6.84E-04	8.13E-04	8.62E-04	2.93E-04	1.03E-03	2.38E-04	1.03E-03	8.95E-04
A[C>A]G	7.34E-05	1.85E-04	1.67E-04	2.07E-04	3.05E-04	8.61E-04	1.85E-04	2.74E-04	2.91E-04	2.71E-04	6.62E-04	4.14E-04	2.98E-04
A[C>A]T	4.11E-04	5.35E-04	3.23E-04	7.53E-04	4.64E-04	6.30E-04	4.27E-04	5.90E-04	2.33E-04	6.84E-04	3.29E-04	8.36E-04	7.56E-04
A[C>G]A	1.57E-04	5.97E-04	5.48E-04	1.05E-03	4.02E-04	5.33E-04	7.89E-04	4.87E-04	2.78E-04	7.52E-04	4.34E-04	1.13E-03	1.16E-03
A[C>G]C	1.16E-04	2.96E-04	4.87E-04	7.73E-04	2.75E-04	5.02E-04	6.10E-04	6.07E-04	1.93E-04	6.56E-04	3.93E-04	5.48E-04	4.05E-04
A[C>G]G	9.00E-05	1.65E-04	2.96E-05	9.85E-05	8.50E-04	2.72E-03	7.90E-08	5.54E-05	2.83E-05	2.15E-05	1.84E-03	3.61E-05	3.76E-04
A[C>G]T	2.91E-04	4.43E-04	6.26E-04	1.12E-03	4.04E-04	7.49E-04	9.34E-04	7.05E-04	3.29E-04	1.29E-03	3.92E-04	1.30E-03	6.80E-04
A[C>T]A	4.77E-04	7.70E-04	1.52E-03	1.41E-03	6.28E-04	1.39E-03	1.36E-03	2.01E-03	1.37E-03	1.20E-03	7.42E-04	2.20E-03	2.06E-03
A[C>T]C	3.75E-04	4.74E-04	1.26E-03	5.14E-04	1.59E-04	8.63E-04	1.04E-03	1.43E-03	7.71E-04	1.06E-03	4.06E-04	1.51E-03	1.04E-03
A[C>T]G	5.33E-04	2.30E-04	5.98E-04	5.54E-04	1.07E-03	2.08E-03	6.43E-04	8.53E-04	1.86E-03	6.40E-04	1.30E-03	1.56E-03	7.02E-04
A[C>T]T	3.47E-04	4.12E-04	1.14E-03	7.69E-04	3.29E-04	8.22E-04	1.23E-03	1.35E-03	9.11E-04	1.18E-03	6.40E-04	1.44E-03	1.03E-03
A[T>A]A	1.91E-04	4.02E-04	9.21E-04	6.22E-04	2.16E-04	5.37E-04	5.19E-04	6.77E-04	2.20E-04	5.66E-04	1.53E-04	1.10E-03	9.21E-04
A[T>A]C	2.01E-04	3.41E-04	4.57E-04	3.20E-04	1.58E-04	3.97E-04	3.35E-04	4.50E-04	2.19E-04	5.30E-04	3.35E-04	5.62E-04	4.34E-04
A[T>A]G	1.38E-04	3.00E-04	4.16E-04	3.56E-04	1.66E-04	3.64E-04	4.01E-04	4.40E-04	3.92E-04	5.00E-04	1.84E-04	5.68E-04	3.98E-04
A[T>A]T	2.40E-04	3.69E-04	6.42E-04	4.93E-04	3.22E-04	5.67E-04	6.10E-04	8.91E-04	3.33E-04	9.07E-04	4.93E-04	1.16E-03	1.34E-03
A[T>C]A	1.74E-04	6.87E-04	1.54E-03	7.85E-04	2.59E-04	9.48E-04	1.27E-03	1.38E-03	1.01E-03	1.67E-03	9.24E-04	2.02E-03	1.84E-03
A[T>C]C	1.23E-04	3.80E-04	7.30E-04	5.35E-04	1.92E-04	4.33E-04	7.69E-04	7.70E-04	3.85E-04	9.26E-04	3.22E-04	5.97E-04	7.36E-04
A[T>C]G	1.52E-04	4.77E-04	1.25E-03	4.74E-04	1.18E-04	6.36E-04	1.05E-03	1.19E-03	6.44E-04	1.24E-03	4.87E-04	1.26E-03	1.15E-03
A[T>C]T	2.32E-04	7.70E-04	1.75E-03	9.56E-04	1.81E-04	8.54E-04	1.83E-03	1.46E-03	1.17E-03	1.65E-03	8.89E-04	1.45E-03	1.19E-03
A[T>G]A	1.15E-04	2.46E-04	3.66E-04	4.29E-04	1.15E-04	3.42E-04	6.99E-04	5.60E-04	3.02E-04	8.44E-04	3.75E-04	7.00E-04	1.23E-03
A[T>G]C	1.03E-04	1.92E-04	3.03E-04	2.10E-04	3.53E-06	2.17E-04	2.85E-04	3.51E-04	1.07E-04	2.67E-04	2.22E-04	2.61E-04	5.48E-04
A[T>G]G	1.10E-04	4.00E-04	7.08E-04	3.22E-04	1.18E-04	5.22E-04	4.68E-04	5.70E-04	2.74E-04	5.36E-04	3.02E-04	1.02E-03	2.02E-03
A[T>G]T	1.20E-04	3.46E-04	6.59E-04	7.40E-04	3.11E-05	5.27E-04	9.11E-04	8.94E-04	1.80E-04	1.26E-03	5.89E-04	8.10E-04	1.07E-03
C[C>A]A	4.91E-04	6.45E-04	5.28E-04	2.99E-04	7.41E-04	8.48E-04	1.01E-03	6.25E-04	4.50E-04	8.10E-04	5.67E-04	5.66E-04	6.45E-04
C[C>A]C	3.57E-04	4.72E-04	5.36E-04	3.91E-04	3.45E-04	5.14E-04	5.16E-04	5.95E-04	2.12E-04	6.00E-04	4.31E-04	5.55E-04	4.86E-04
C[C>A]G	1.47E-04	1.73E-04	2.67E-04	2.21E-04	2.92E-04	7.83E-04	1.62E-04	2.63E-04	2.69E-04	2.57E-04	5.73E-04	3.95E-04	1.62E-04
C[C>A]T	9.26E-04	1.12E-03	1.19E-04	5.74E-04	4.72E-04	5.22E-04	1.22E-04	4.15E-04	1.25E-04	4.60E-04	4.38E-04	4.09E-04	4.85E-04
C[C>G]A	1.40E-04	2.83E-04	3.46E-04	7.26E-04	2.51E-04	4.49E-04	4.36E-04	3.72E-04	1.50E-04	7.83E-04	3.66E-04	6.46E-04	8.20E-04
C[C>G]C	1.77E-04	2.49E-04	2.52E-04	3.41E-04	2.42E-04	4.30E-04	4.26E-04	2.28E-04	1.66E-04	4.82E-04	3.50E-04	4.06E-04	4.15E-04
C[C>G]G	1.00E-04	7.49E-05	9.73E-05	2.13E-04	1.80E-04	5.18E-04	9.48E-05	1.26E-04	7.15E-05	1.74E-04	3.49E-04	2.05E-04	1.15E-04
C[C>G]T	2.63E-04	4.03E-04	4.78E-04	6.95E-04	2.09E-04	4.72E-04	5.22E-04	6.51E-04	9.77E-05	7.31E-04	4.13E-04	7.01E-04	7.12E-04
C[C>T]A	8.94E-04	6.62E-04	1.14E-03	9.45E-04	4.22E-04	7.56E-04	1.17E-03	1.49E-03	9.28E-04	9.62E-04	5.99E-04	1.22E-03	4.02E-04
C[C>T]C	1.87E-03	2.67E-03	1.10E-03	6.98E-04	3.06E-04	5.08E-04	1.32E-03	1.61E-03	5.85E-04	8.55E-04	4.34E-04	1.09E-03	7.15E-04
C[C>T]G	4.83E-04	3.84E-04	7.84E-04	4.40E-04	8.67E-04	1.58E-03	1.19E-03	1.51E-03	1.78E-03	8.53E-04	6.80E-04	1.61E-03	8.13E-04
C[C>T]T	1.85E-03	2.05E-03	1.41E-03	4.31E-04	3.91E-04	9.56E-04	1.37E-03	1.71E-03	9.82E-04	1.13E-03	6.83E-04	1.87E-03	1.18E-03
C[T>A]A	5.48E-04	6.30E-04	2.14E-04	3.88E-04	9.83E-05	2.35E-04	3.46E-04	2.39E-04	2.64E-08	4.59E-04	1.47E-04	3.23E-04	1.93E-04
C[T>A]C	6.50E-04	8.82E-04	2.85E-04	2.80E-04	8.87E-05	5.54E-04	4.93E-04	4.57E-04	2.73E-04	8.65E-04	4.39E-04	3.76E-04	4.16E-04
C[T>A]G	6.81E-04	8.57E-04	3.12E-04	2.85E-04	2.79E-04	3.61E-04	2.55E-04	2.51E-04	2.63E-04	2.80E-04	2.42E-04	3.26E-04	3.57E-04
C[T>A]T	1.06E-03	1.20E-03	2.14E-04	4.65E-04	1.46E-04	5.62E-04	1.90E-04	1.34E-04	9.50E-05	2.24E-04	5.39E-04	2.84E-04	3.19E-04
C[T>C]A	1.67E-04	3.24E-04	7.76E-04	3.66E-04	1.66E-04	5.33E-04	7.48E-04	5.59E-04	2.18E-04	8.79E-04	3.17E-04	7.73E-04	9.73E-04
C[T>C]C	2.54E-04	3.98E-04	6.48E-04	5.01E-04	2.89E-04	3.33E-04	6.51E-04	5.45E-04	1.32E-04	5.41E-04	5.19E-04	5.59E-04	2.68E-04
C[T>C]G	1.80E-04	4.50E-04	7.91E-04	4.25E-04	2.34E-04	5.15E-04	8.36E-04	7.84E-04	5.55E-04	8.99E-04	5.83E-04	6.38E-04	6.55E-04
C[T>C]T	1.85E-04	6.54E-04	1.07E-03	6.59E-04	2.97E-04	7.79E-04	8.09E-04	8.56E-04	5.95E-04	9.35E-04	1.30E-03	1.25E-03	1.39E-03
C[T>G]A	1.13E-04	2.41E-04	1.75E-04	2.46E-04	8.04E-05	2.93E-04	2.16E-04	3.77E-04	8.44E-05	3.05E-04	2.75E-04	3.30E-04	5.12E-04
C[T>G]C	5.35E-05	1.83E-04	1.19E-04	3.67E-04	0.00E+00	2.61E-04	2.86E-04	2.22E-04	1.62E-04	3.01E-04	3.48E-04	1.89E-04	2.86E-04
C[T>G]G	1.38E-04	3.07E-04	1.56E-04	2.39E-04	2.30E-04	3.77E-04	3.07E-04	3.09E-04	4.99E-05	4.84E-04	3.74E-04	2.78E-04	5.24E-04
C[T>G]T	1.46E-04	4.35E-04	5.54E-04	3.29E-04	2.60E-04	1.34E-03	5.17E-04	3.29E-04	5.47E-05	4.44E-04	1.96E-03	5.56E-04	1.99E-04
G[C>A]A	6.79E-04	9.54E-04	5.25E-04	3.09E-04	1.27E-03	1.03E-03	8.31E-04	1.07E-03	2.99E-04	8.48E-04	7.07E-04	8.47E-04	5.50E-04
G[C>A]C	7.63E-04	9.75E-04	4.62E-04	3.62E-04	3.24E-04	4.66E-04	6.26E-04	7.80E-04	4.81E-04	8.02E-04	2.39E-04	6.13E-04	4.28E-04
G[C>A]G	8.99E-05	9.52E-05	2.60E-04	3.02E-04	2.18E-04	3.62E-04	2.11E-04	1.86E-04	1.54E-04	3.40E-04	2.55E-04	4.28E-04	4.83E-04
G[C>A]T	3.78E-04	4.56E-04	3.26E-04	5.69E-04	6.99E-04	5.75E-04	3.22E-04	3.58E-04	1.49E-04	4.64E-04	2.71E-04	5.00E-04	5.18E-04
G[C>G]A	8.99E-05	3.29E-04	2.58E-04	6.95E-04	1.23E-04	4.38E-04	3.00E-04	2.22E-04	4.89E-05	4.99E-04	2.34E-04	4.83E-04	2.28E-04
G[C>G]C	4.14E-04	6.88E-04	2.10E-04	5.11E-04	2.18E-04	2.77E-04	4.76E-04	4.43E-04	1.60E-05	3.77E-04	1.35E-04	4.40E-04	4.14E-04
G[C>G]G	3.98E-05	5.83E-05	1.12E-04	4.72E-05	1.15E-04	3.83E-04	1.26E-04	1.34E-04	7.53E-05	1.72E-04	2.42E-04	1.04E-04	1.19E-04
G[C>G]T	2.62E-04	4.58E-04	4.24E-04	6.87E-04	1.72E-04	5.44E-04	5.25E-04	5.03E-04	2.71E-09	7.60E-04	4.65E-04	6.76E-04	4.50E-04
G[C>T]A	3.43E-04	6.38E-04	1.34E-03	8.46E-04	2.11E-04	8.22E-04	1.42E-03	1.38E-03	9.52E-04	1.16E-03	3.51E-04	1.29E-03	4.49E-04
G[C>T]C	2.83E-04	6.41E-04	1.34E-03	8.48E-04	4.70E-04	8.54E-04	1.51E-03	1.40E-03	8.30E-04	1.44E-03	4.28E-04	1.20E-03	9.05E-04
G[C>T]G	2.56E-04	2.94E-04	8.53E-04	3.15E-04	6.53E-04	1.05E-03	1.36E-03	1.42E-03	1.75E-03	9.15E-04	7.15E-04	1.03E-03	1.04E-03
G[C>T]T	3.27E-04	5.93E-04	1.07E-03	9.18E-04	2.92E-04	1.10E-03	1.45E-03	1.24E-03	9.54E-04	1.37E-03	5.11E-04	1.15E-03	1.08E-03
G[T>A]A	1.12E-04	2.59E-04	1.86E-04	4.58E-04	1.96E-04	3.05E-04	1.74E-04	3.97E-04	3.42E-04	4.87E-04	1.61E-04	5.95E-04	4.88E-04
G[T>A]C	1.70E-04	3.03E-04	1.81E-04	3.32E-04	1.53E-04	2.86E-04	2.65E-04	3.34E-04	5.07E-05	2.67E-04	2.09E-04	3.20E-04	3.02E-04
G[T>A]G	9.58E-05	2.68E-04	2.13E-04	4.49E-04	8.43E-05	3.15E-04	3.01E-04	4.69E-04	2.79E-04	5.55E-04	9.88E-05	5.12E-04	5.50E-04
G[T>A]T	1.34E-04	2.39E-04	3.70E-04	4.34E-04	1.74E-04	3.50E-04	2.84E-04	4.70E-04	3.22E-04	4.27E-04	4.13E-04	6.08E-04	4.24E-04
G[T>C]A	1.13E-04	2.87E-04	8.58E-04	4.20E-04	1.59E-04	4.73E-04	1.05E-03	8.29E-04	4.66E-04	6.87E-04	4.17E-04	9.23E-04	1.37E-03
G[T>C]C	2.52E-04	6.78E-04	5.33E-04	2.71E-04	1.75E-04	2.55E-04	5.67E-04	6.36E-04	4.10E-05	5.87E-04	2.15E-04	4.63E-04	2.59E-04
G[T>C]G	1.54E-04	1.77E-04	8.53E-04	4.06E-04	2.02E-04	2.71E-04	8.18E-04	8.57E-04	3.77E-04	7.71E-04	3.75E-04	1.07E-03	1.26E-03
G[T>C]T	1.31E-04	3.86E-04	9.78E-04	4.87E-04	1.78E-04	4.70E-04	1.02E-03	1.11E-03	2.06E-04	8.69E-04	5.57E-04	8.01E-04	8.65E-04
G[T>G]A	4.02E-05	1.30E-04	3.32E-04	2.70E-04	1.25E-04	2.26E-04	3.03E-04	2.67E-04	6.74E-05	3.01E-04	1.91E-04	4.14E-04	6.37E-04
G[T>G]C	1.34E-04	2.98E-04	6.94E-05	5.44E-05	8.06E-05	3.16E-04	2.40E-04	2.20E-04	3.06E-05	2.62E-04	2.28E-04	1.80E-04	4.40E-04
G[T>G]G	1.06E-04	2.86E-04	2.21E-04	4.00E-04	2.05E-04	3.70E-04	4.54E-04	3.76E-04	1.61E-04	3.79E-04	2.69E-04	3.75E-04	8.59E-04
G[T>G]T	1.42E-04	1.82E-04	3.20E-04	5.26E-04	1.89E-04	5.00E-04	3.37E-04	6.05E-04	1.89E-04	4.51E-04	6.64E-04	6.67E-04	6.93E-04
T[C>A]A	4.62E-04	6.20E-04	7.53E-04	6.64E-04	7.56E-04	8.24E-04	1.25E-03	9.17E-04	5.02E-04	8.08E-04	5.63E-04	7.86E-04	1.03E-03
T[C>A]C	3.78E-04	5.09E-04	5.92E-04	4.97E-04	4.33E-04	5.71E-04	6.76E-04	6.99E-04	4.27E-04	8.33E-04	3.85E-04	7.26E-04	5.00E-04
T[C>A]G	4.74E-05	1.36E-04	7.68E-05	1.35E-04	3.12E-04	3.63E-04	9.36E-05	1.62E-04	1.19E-04	1.34E-04	2.22E-04	2.47E-04	1.40E-04
T[C>A]T	8.13E-04	4.94E-04	7.13E-04	6.12E-04	1.21E-03	9.95E-04	6.25E-04	7.42E-04	3.80E-04	8.55E-04	6.53E-04	8.95E-04	4.61E-04
T[C>G]A	6.59E-05	5.82E-04	5.27E-04	8.42E-04	2.84E-04	4.82E-04	7.72E-04	3.91E-04	2.30E-04	1.04E-03	4.49E-04	7.78E-04	5.60E-04
T[C>G]C	1.41E-04	3.30E-04	4.93E-04	4.42E-04	2.53E-04	6.10E-04	6.61E-04	4.27E-04	1.27E-04	7.58E-04	3.92E-04	4.05E-04	4.00E-04
T[C>G]G	7.53E-05	9.33E-05	1.49E-04	1.03E-04	3.68E-04	1.04E-03	9.92E-05	1.54E-04	5.65E-05	1.35E-04	6.52E-04	2.02E-04	3.55E-04
T[C>G]T	3.78E-04	8.62E-04	8.37E-04	1.33E-03	3.45E-04	7.61E-04	1.23E-03	1.09E-03	1.69E-04	1.28E-03	7.54E-04	1.27E-03	1.01E-03
T[C>T]A	4.25E-04	8.97E-04	1.47E-03	1.04E-03	3.96E-04	1.26E-03	1.53E-03	1.70E-03	1.13E-03	1.17E-03	6.80E-04	1.24E-03	1.31E-03
T[C>T]C	3.95E-04	5.62E-04	1.16E-03	6.09E-04	3.17E-04	8.82E-04	1.23E-03	1.24E-03	8.73E-04	1.33E-03	5.20E-04	1.32E-03	1.07E-03
T[C>T]G	1.62E-04	2.84E-04	6.91E-04	3.78E-04	5.93E-04	9.72E-04	7.26E-04	1.08E-03	1.34E-03	8.82E-04	5.82E-04	1.11E-03	1.17E-03
T[C>T]T	6.37E-04	4.90E-04	1.28E-03	9.45E-04	3.64E-04	8.08E-04	1.17E-03	1.74E-03	7.99E-04	1.36E-03	7.03E-04	1.65E-03	1.37E-03
T[T>A]A	2.84E-04	3.31E-04	6.22E-04	3.46E-04	2.39E-04	8.61E-04	9.75E-04	9.26E-04	6.52E-04	1.31E-03	1.92E-04	1.12E-03	1.42E-03
T[T>A]C	1.47E-04	3.78E-04	2.86E-04	4.35E-04	2.31E-04	4.26E-04	4.45E-04	4.58E-04	1.86E-04	6.80E-04	3.66E-04	5.11E-04	3.99E-04
T[T>A]G	1.05E-04	2.60E-04	3.54E-04	3.23E-04	1.19E-04	4.33E-04	2.74E-04	5.09E-04	1.70E-04	4.49E-04	2.57E-04	5.11E-04	4.24E-04
T[T>A]T	1.40E-04	4.06E-04	1.08E-03	6.30E-04	3.22E-04	5.66E-04	7.08E-04	1.06E-03	4.90E-04	8.05E-04	6.45E-04	1.34E-03	9.30E-04
T[T>C]A	2.65E-04	4.20E-04	1.02E-03	6.94E-04	2.16E-04	6.65E-04	1.19E-03	8.85E-04	4.53E-04	1.25E-03	5.15E-04	1.17E-03	1.10E-03
T[T>C]C	7.71E-05	5.22E-04	9.90E-04	4.22E-04	2.48E-04	4.25E-04	8.58E-04	1.09E-03	1.55E-04	8.63E-04	4.13E-04	1.50E-03	1.45E-03
T[T>C]G	1.33E-04	3.29E-04	8.33E-04	6.10E-04	1.94E-04	6.43E-04	9.47E-04	8.88E-04	3.90E-04	1.08E-03	3.43E-04	7.83E-04	5.95E-04
T[T>C]T	1.73E-04	4.58E-04	1.16E-03	9.54E-04	3.64E-04	7.11E-04	1.01E-03	9.79E-04	7.86E-04	1.49E-03	5.07E-04	1.54E-03	1.56E-03
T[T>G]A	1.14E-04	1.95E-04	5.84E-04	4.82E-04	2.01E-04	4.27E-04	7.33E-04	6.53E-04	2.59E-04	1.36E-03	1.98E-04	1.14E-03	1.22E-03
T[T>G]C	4.50E-05	2.38E-04	2.68E-04	3.21E-04	1.21E-04	2.38E-04	3.33E-04	3.81E-04	2.06E-04	3.72E-04	2.66E-04	4.50E-04	6.35E-04
T[T>G]G	1.75E-04	3.53E-04	4.78E-04	3.56E-04	2.78E-04	4.33E-04	9.49E-04	7.42E-04	4.06E-04	1.08E-03	3.94E-04	8.44E-04	1.88E-03
T[T>G]T	1.92E-04	6.22E-04	8.91E-04	9.85E-04	2.83E-04	7.90E-04	9.40E-04	8.41E-04	4.25E-04	1.24E-03	7.88E-04	1.59E-03	1.91E-03
